3.223379193428250034e+01
1.356907061191355126e+02
2.516685440114050323e+02
3.697129557024150017e+02
4.851716129346870048e+02
5.964603901041633662e+02
7.032862333167796578e+02
8.043573547008969626e+02
8.992516753956934963e+02
9.871805729343942630e+02
1.067620936340435719e+03
1.140528897827983883e+03
1.204671733953071453e+03
1.260214698309479672e+03
1.306823396686739216e+03
1.344341882886696112e+03
1.372266396967263290e+03
1.391021154549010816e+03
1.400185870620577816e+03
1.399662481271863953e+03
1.390309241593399975e+03
1.371600411218789077e+03
1.343976460579345030e+03
1.307646119903599583e+03
1.263183726307696588e+03
1.211086891519589244e+03
1.152102115754110173e+03
1.085907287176366935e+03
1.013726036225404641e+03
9.363692013185194583e+02
8.544295942604429683e+02
7.693810477896397515e+02
6.820895877527594848e+02
5.937920044939692161e+02
5.072776473776825128e+02
4.258540378801785096e+02
3.552682332907614864e+02
3.044463450423187965e+02
2.849251090413900442e+02
3.025484586086037098e+02
3.505058813480113145e+02
4.166945929552300072e+02
4.923336529816884308e+02
5.712588556423343107e+02
6.505227885307341467e+02
7.277616116476208390e+02
8.016907524643710303e+02
8.713441303883829505e+02
9.358607918043747986e+02
9.942413204051127877e+02
1.046609322170673977e+03
1.092045248269595049e+03
1.130725721945596206e+03
1.161975054956215672e+03
1.185768183791129331e+03
1.201718055638501255e+03
1.210806139786403946e+03
1.212047064796353880e+03
1.205580670588861722e+03
1.191876986218812362e+03
1.171259693172113657e+03
1.144016487249142756e+03
1.110012134781178702e+03
1.070053262907392991e+03
1.024869271252390263e+03
9.745356991894442444e+02
9.200425249103932401e+02
8.621107935162315243e+02
8.022100703507392154e+02
7.405656505903114066e+02
6.791990885243626508e+02
6.194106050058630899e+02
5.635610152638598720e+02
5.147925231574389500e+02
4.760231547242504462e+02
4.504450030172916968e+02
4.409590082678679437e+02
4.486736873681281850e+02
4.721978419342325992e+02
5.077058992198656142e+02
5.522021171712524392e+02
6.025720539472913515e+02
6.560255476963448018e+02
7.102591144033717683e+02
7.635684149977374773e+02
8.148243114990639242e+02
8.631066193145445595e+02
9.079841057806046365e+02
9.483969951354472414e+02
9.843065501800989523e+02
1.014656965102732102e+03
1.039490742343946067e+03
1.058705830645483957e+03
1.072204604781615217e+03
1.080002398665705869e+03
1.081721042320203424e+03
1.077704835999430315e+03
1.068130293071969390e+03
1.053020587976899833e+03
1.032804869359381883e+03
1.007894011309495568e+03
9.782117588051754637e+02
9.446752649889149325e+02
9.076553234121234937e+02
8.678503513651581898e+02
8.261765236280924682e+02
7.833311175946770391e+02
7.403253710257250759e+02
6.986508934353026916e+02
6.590132899657108965e+02
6.231015676339262654e+02
5.927002711650720812e+02
5.696304652660037391e+02
5.547933705580772994e+02
5.489328939773563434e+02
5.529238591973839902e+02
5.657938895407208975e+02
5.863201887989373517e+02
6.132960214283554023e+02
6.452582755547279021e+02
6.802514349478359463e+02
7.166778241304227777e+02
7.538548121698607929e+02
7.903590758409679893e+02
8.255616319664104594e+02
8.583955651552215613e+02
8.883355905847714666e+02
9.152025349586999710e+02
9.383735655412158394e+02
9.576145796438314619e+02
9.727917432500138375e+02
9.835674917226699563e+02
9.898419146683038434e+02
9.918356607457318432e+02
9.895509293683509213e+02
9.828122566985549611e+02
9.720257833232352596e+02
9.573513432558835348e+02
9.391434191725689971e+02
9.176103849153273586e+02
8.934518925334919004e+02
8.668361986582983718e+02
8.385024046204647448e+02
8.090010713747736872e+02
7.792628072070930330e+02
7.495713893265083243e+02
7.212719626691058465e+02
6.949717223288163268e+02
6.718245123233467666e+02
6.521132091379161011e+02
6.371171528090472975e+02
6.275091434500443484e+02
6.236370157996412900e+02
6.256834621271291326e+02
6.332433385729834754e+02
6.459232045321600708e+02
6.628216800493917162e+02
6.831343338440707385e+02
7.058944820526978674e+02
7.303649829125114366e+02
7.558943806923807642e+02
7.814308385066376559e+02
8.063788795515197307e+02
8.296350499097470674e+02
8.512651789426109872e+02
8.711667683531239845e+02
8.884505815271903657e+02
9.029502810081269217e+02
9.143927211526388419e+02
9.228044110621650589e+02
9.279782591821212918e+02
9.297520471606680985e+02
9.282934356563699794e+02
9.235912505717506065e+02
9.161225272739185357e+02
9.057579472109270000e+02
8.927673105618259797e+02
8.774947472414451113e+02
8.601291974076810902e+02
8.413137076906492666e+02
8.215560944579542593e+02
8.010037187547497979e+02
7.801838893197710831e+02
7.599932110262574270e+02
7.406469895060240560e+02
7.228470816681442557e+02
7.072983862933177761e+02
6.944411860696504846e+02
6.847486040108246925e+02
6.783738099882676806e+02
6.758434388890156015e+02
6.766629126592195007e+02
6.810776342532122953e+02
6.891031510300922491e+02
6.998492069146861922e+02
7.129537707508777657e+02
7.278468110361224035e+02
7.442350086452501046e+02
7.616060675001008349e+02
7.792334552162008094e+02
7.967503035124418602e+02
8.133050821801323309e+02
8.287610392851373717e+02
8.428526550849803698e+02
8.553863220449960636e+02
8.661878134373358762e+02
8.746610999708375402e+02
8.808055296634906881e+02
8.846578024626114711e+02
8.864474426427224216e+02
8.857584691974503812e+02
8.826472957980722640e+02
8.775126523706732087e+02
8.703160346312387219e+02
8.614006153779639590e+02
8.506509639029488881e+02
8.384725557585164779e+02
8.254748954627998501e+02
8.115620793036360965e+02
7.971128484512724981e+02
7.828659765493812301e+02
7.688300947322916272e+02
7.554974158724349991e+02
7.433789235559587496e+02
7.327825708694655304e+02
7.239941244164403997e+02
7.172964923355604014e+02
7.129055645823422083e+02
7.110209009607889357e+02
7.115883265843949630e+02
7.144625170983532598e+02
7.193713278477212043e+02
7.262817095426252081e+02
7.349687459448633717e+02
7.451314095491794660e+02
7.563120770407044802e+02
7.682514256587312502e+02
7.801952086535269473e+02
7.923745090804819711e+02
8.040655448777574748e+02
8.150313954052605823e+02
8.251174203044653268e+02
8.338155700967407711e+02
8.415728336600311650e+02
8.477256394608047003e+02
8.523974009108256951e+02
8.553980732750591187e+02
8.568861645509621212e+02
8.564139038272774087e+02
8.544228547914572118e+02
8.507273643415813922e+02
8.457803691972112574e+02
8.394997851870159593e+02
8.322675906654435494e+02
8.240899751387902370e+02
8.149140368692252423e+02
8.051174771029940302e+02
7.951797873665204861e+02
7.850960040374588971e+02
7.756156183120432388e+02
7.664863718217056885e+02
7.581318138306595529e+02
7.508272846451245641e+02
7.447579993863605523e+02
7.401223865400480690e+02
7.372232248237266958e+02
7.355893347524266801e+02
7.357989348776636689e+02
7.375852909984973849e+02
7.408273870430622310e+02
7.452993585939329932e+02
7.510225638435921383e+02
7.579741191465257089e+02
7.655820589656142374e+02
7.734904993941810289e+02
7.818957848955402596e+02
7.904595778169051528e+02
7.987337013003659649e+02
8.063438230071765247e+02
8.133852501182831247e+02
8.196921441547232234e+02
8.251767521179863252e+02
8.295364721734309796e+02
8.329139594224812981e+02
8.352680012067539792e+02
8.364532058021923149e+02
8.362444650604141998e+02
8.349687925884915103e+02
8.325871611689140082e+02
8.293136807047885668e+02
8.249184676550848963e+02
8.197717011946783714e+02
8.140152950938858112e+02
8.077116507396347060e+02
8.008881263215502031e+02
7.939875140230625448e+02
7.872114516636477219e+02
7.805026694079360823e+02
7.742940196162288657e+02
7.683779167953591696e+02
7.634761571436837357e+02
7.593912621103492029e+02
7.561140036410666880e+02
7.537793292692444993e+02
7.527423959516276000e+02
7.526996685283639863e+02
7.536982878922444797e+02
7.560026202893255913e+02
7.590891851723027912e+02
7.627830620620334230e+02
7.672250403973218909e+02
7.724718797279151659e+02
7.778846052415457279e+02
7.837693332467791834e+02
7.895177677133594898e+02
7.953114447696564184e+02
8.007010270416984667e+02
8.058617489268476675e+02
8.102382021361665920e+02
8.140970848430695241e+02
8.172465341130027809e+02
8.196577234383915993e+02
8.214142732362937522e+02
8.222699897566692471e+02
8.221624319759312129e+02
8.214319871144073204e+02
8.198073296733175539e+02
8.176219883463521683e+02
8.144116638645322155e+02
8.110647259585168740e+02
8.071292820801760399e+02
8.026819950003019812e+02
7.979753545565394006e+02
7.931815966639306907e+02
7.884551999211568045e+02
7.838397652665295254e+02
7.794064363118308165e+02
7.755112305166619535e+02
7.722601510035573256e+02
7.693500556340235335e+02
7.670175491612011456e+02
7.654532266176717030e+02
7.645122173684344489e+02
7.645686107073439644e+02
7.653318310956996129e+02
7.666648799973779660e+02
7.686260084442229754e+02
7.711845356987030300e+02
7.741464447011254606e+02
7.777962325958811789e+02
7.816771067646443498e+02
7.854561116014195932e+02
7.893248352982508322e+02
7.934484927853172849e+02
7.973021343982189819e+02
8.007570132615757075e+02
8.039526438664448733e+02
8.067239752960572332e+02
8.088959908821616409e+02
8.109072151915720497e+02
8.120300291158858954e+02
8.126203735466968965e+02
8.127013803776869736e+02
8.122002283928524093e+02
8.111927662529061536e+02
8.096596115724438505e+02
8.076380697594374851e+02
8.051085587485391670e+02
8.022352487610771732e+02
7.992673464365492464e+02
7.959100301048530355e+02
7.925251583591707458e+02
7.892534430434839123e+02
7.860338105680191347e+02
7.832121359956551032e+02
7.805423642548349790e+02
7.779331408635750904e+02
7.758833045188326878e+02
7.744364429873337485e+02
7.733304192247427409e+02
7.726038948542653770e+02
7.724248979079029596e+02
7.730492240538087572e+02
7.739443715646189048e+02
7.751133294258978594e+02
7.770399659140364292e+02
7.791655581597226501e+02
7.815538204402832889e+02
7.841973167135751055e+02
7.868614054181587107e+02
7.895061419782416579e+02
7.921615454887271426e+02
7.948298512085925722e+02
7.973971332576024906e+02
7.996498223886700316e+02
8.017410600511886969e+02
8.033919411007676672e+02
8.045810853586252733e+02
8.054347654836655011e+02
8.059103693134717332e+02
8.060159388690087781e+02
8.056845473216210394e+02
8.050957190349755592e+02
8.038585661990016433e+02
8.024373857414906297e+02
8.008208073639758595e+02
7.987761305422565101e+02
7.967029758261927554e+02
7.945705145475614017e+02
7.922936763130289819e+02
7.900825016597551667e+02
7.876461437209272844e+02
7.857829633532410298e+02
7.838360519163106801e+02
7.820897478195423673e+02
7.807251952862814051e+02
7.796129432986571146e+02
7.787603637637034808e+02
7.782627843804392569e+02
7.781439333335164292e+02
7.784674028541545567e+02
7.790206488081111047e+02
7.799506271938615782e+02
7.812492464664139789e+02
7.826509644018759673e+02
7.842009961995923959e+02
7.858968437473293989e+02
7.878059129443092843e+02
7.898071449791031000e+02
7.916830021539019526e+02
7.935097516814572600e+02
7.951091523354814399e+02
7.967101973449399566e+02
7.981914492053864478e+02
7.994207070130250941e+02
8.002593960186517279e+02
8.006663472174858498e+02
8.011259665361776570e+02
8.012779092882307168e+02
8.010315474878178748e+02
8.007471767602293085e+02
8.000297445009402963e+02
7.990768815689793882e+02
7.979060719347509121e+02
7.965815373245355886e+02
7.950285785010527206e+02
7.935512984089414203e+02
7.918914668081148420e+02
7.903645710203066983e+02
7.889726637521193879e+02
7.872176170021739381e+02
7.858284475627069696e+02
7.849300514035255674e+02
7.838861784870285874e+02
7.830622778741709453e+02
7.823973122529671400e+02
7.821382251045191651e+02
7.820238719013875652e+02
7.823226850366523877e+02
7.826060780393239611e+02
7.833219098924953414e+02
7.839746078553130246e+02
7.850726050452412892e+02
7.862301086272150314e+02
7.872667630291950900e+02
7.886534916012096801e+02
7.899791430386543425e+02
7.911439908826313285e+02
7.925034799069131850e+02
7.936504662109672381e+02
7.947959829306078063e+02
7.957693210170654083e+02
7.965690761964738158e+02
7.972641789018267673e+02
7.977381843464448821e+02
7.981636459107743349e+02
7.982171868079690285e+02
7.980795789687188062e+02
7.977652486924743016e+02
7.971856927460237330e+02
7.964551155254633841e+02
7.957518724928576148e+02
7.947828728681806751e+02
7.938565167524166100e+02
7.927571976117136501e+02
7.915979763053132956e+02
7.904992842441282619e+02
7.895518972248146383e+02
7.885560278169697312e+02
7.877010036310080068e+02
7.867647736283048516e+02
7.861254434789198058e+02
7.855080696336391384e+02
7.849854506804362018e+02
7.849002343436472984e+02
7.848780702024162110e+02
7.847818071541912559e+02
7.852634864821416159e+02
7.855592800655798555e+02
7.861684440752042065e+02
7.867096871286134956e+02
7.874009915164100448e+02
7.883666779931267001e+02
7.891886558492485619e+02
7.900965141418815847e+02
7.909741354694731399e+02
7.918695404672279210e+02
7.926362349931008566e+02
7.933987588318495909e+02
7.941658700203689705e+02
7.947802717871715004e+02
7.950769065327966700e+02
7.954375343272738519e+02
7.957110524263538309e+02
7.959210803929703388e+02
7.958006507966216532e+02
7.957514653363336947e+02
7.954302581515730708e+02
7.949295305629796076e+02
7.943672803620971763e+02
7.937528703263898251e+02
7.931137780008197069e+02
7.923878275712066852e+02
7.917370037214836884e+02
7.907751773401769242e+02
7.900676275325035931e+02
7.894496490649408997e+02
7.886828723418254867e+02
7.881534627114741625e+02
7.877497663583119447e+02
7.872498952203299041e+02
7.870237346667765905e+02
7.866684791828878360e+02
7.865636372918088455e+02
7.866945852769347312e+02
7.869370708705143898e+02
7.873138828699187570e+02
7.876137603248616870e+02
7.880173349444158930e+02
7.884826617484653752e+02
7.889554996981528348e+02
7.895500992357249288e+02
7.901860845484545735e+02
7.908019260861116209e+02
7.914978370544569088e+02
7.920394655815839542e+02
7.925809540889268874e+02
7.931284469323132953e+02
7.934964500254283166e+02
7.938201684280068093e+02
7.939763339807776674e+02
7.942900432236991719e+02
7.942394796587175279e+02
7.942373722135679373e+02
7.940064400090894878e+02
7.938748389447346199e+02
7.936268610156970453e+02
7.934163844748609336e+02
7.927793454714977770e+02
7.923561675312089392e+02
7.920291082369361675e+02
7.912620930649359252e+02
7.908232012351537605e+02
7.903107628746711271e+02
7.898539137072785934e+02
7.894339471320903385e+02
7.891800571215915170e+02
7.887605933182851459e+02
7.884445585558115681e+02
7.881654736894914777e+02
7.879468005198156106e+02
7.879171550991688946e+02
7.881088193926412941e+02
7.880519189019497617e+02
7.883423216048250879e+02
7.885853413325279462e+02
7.890013848136492243e+02
7.891655697480382514e+02
7.895048766537602205e+02
7.899760140168816633e+02
7.903642957282456791e+02
7.908192916404773314e+02
7.912312853814626123e+02
7.916276527374212719e+02
7.921019352150078703e+02
7.924515433712367667e+02
7.927104316870469347e+02
7.928979011689967820e+02
7.930582911325379882e+02
7.929758182424861843e+02
7.931913829515251564e+02
7.932405410519141924e+02
7.931912614854284129e+02
7.930506652203696376e+02
7.928829939222665644e+02
7.926785901700993691e+02
7.923719373927308425e+02
7.921300199211952986e+02
7.918240807489639792e+02
7.913124755562421342e+02
7.907578774996786706e+02
7.904760972426569197e+02
7.902786393845273096e+02
7.900483407421543234e+02
7.895312243218788808e+02
7.893768453020225024e+02
7.891812891739925817e+02
7.891115847817208078e+02
7.888646570657699613e+02
7.888323890524646913e+02
7.888071883699839191e+02
7.889108652104002886e+02
7.890043839014110745e+02
7.892146755549979389e+02
7.894419289764472296e+02
7.896195145111075817e+02
7.899146074126484791e+02
7.902159337580415013e+02
7.905948934270069230e+02
7.907568090125023446e+02
7.910840637007137275e+02
7.914387344145444558e+02
7.916767056529284901e+02
7.917026813020027021e+02
7.919853338065199750e+02
7.922616252803176167e+02
7.925772502073766645e+02
7.923631177551246765e+02
7.923998522475634445e+02
7.923917868254695804e+02
7.922401234043012437e+02
7.923627997508756380e+02
7.921473702219219604e+02
7.919369889949605295e+02
7.919401530682608836e+02
7.917393351353997559e+02
7.914919123763552307e+02
7.911988153821052947e+02
7.909356529268351323e+02
7.906740464148692809e+02
7.905344209555553334e+02
7.902139420920157136e+02
7.900416289144820894e+02
7.898983298316645687e+02
7.897936656792628582e+02
7.896923492648672891e+02
7.894952518538486856e+02
7.894764750454171462e+02
7.895848570766863759e+02
7.897530045554921116e+02
7.896594253637775864e+02
7.897674612332547213e+02
7.898356842899100911e+02
7.899790421469655257e+02
7.901933963809345869e+02
7.903273894156682218e+02
7.903987815242328452e+02
7.907318158192617830e+02
7.910462377827251430e+02
7.910303471811698728e+02
7.913549321032189710e+02
7.915346518935259610e+02
7.916457626333342432e+02
7.917878996684283948e+02
7.918364911481295394e+02
7.918704648484944073e+02
7.918190955593239551e+02
7.917680137193877954e+02
7.917726106649597568e+02
7.917587959043227102e+02
7.917827532961690622e+02
7.917821383075989843e+02
7.916023473480416897e+02
7.914183712194300142e+02
7.913116939139099486e+02
7.910639070642483830e+02
7.909134461129222018e+02
7.907570230558153526e+02
7.906565781550959855e+02
7.904514964952895753e+02
7.904857918486586641e+02
7.902550251842590114e+02
7.899643244029232392e+02
7.900178502981431166e+02
7.899607096138219049e+02
7.899115090399080827e+02
7.900084368473440009e+02
7.901306601788774060e+02
7.900656965757966645e+02
7.901389932389115529e+02
7.902819167715281310e+02
7.904529029176370614e+02
7.904434854239289052e+02
7.905848604696431039e+02
7.905801860499851728e+02
7.909252462294170982e+02
7.910493698130569555e+02
7.911589144945145335e+02
7.912500922619271932e+02
7.913341950542215955e+02
7.915059307492952030e+02
7.915904545827387437e+02
7.916016649772741403e+02
7.916258537065355085e+02
7.916818168356639944e+02
7.916379565654974613e+02
7.915319873653608056e+02
7.914618579559192995e+02
7.916303169709998429e+02
7.914977797829271822e+02
7.913022643463726808e+02
7.911388030193771783e+02
7.911158148605607039e+02
7.909027770783939104e+02
7.908841976779555125e+02
7.908500460642901544e+02
7.907855271801550998e+02
7.907237257815113480e+02
7.906067736391162271e+02
7.902379513987060591e+02
7.901445757973052650e+02
7.901924840154788399e+02
7.902513097970594345e+02
7.901639135425223230e+02
7.902671738872203377e+02
7.901919726630691230e+02
7.903595895013254449e+02
7.903219918329589291e+02
7.905125136036822369e+02
7.903674350733806477e+02
7.904768021891336502e+02
7.905960136510982466e+02
7.906371837907782947e+02
7.906693351156376366e+02
7.910354077864252531e+02
7.911191068824414288e+02
7.912138017244393495e+02
7.911581171216286066e+02
7.911075880922984425e+02
7.911813115071493030e+02
7.914034892690821152e+02
7.914765084827812416e+02
7.913561857772358508e+02
7.912345160396696429e+02
7.912896384976589843e+02
7.910771742439678746e+02
7.911374408787252150e+02
7.910613054953653318e+02
7.911755101838264181e+02
7.911195894112764790e+02
7.910591542796524891e+02
7.909576171725668701e+02
7.908322065209340508e+02
7.908403679965040283e+02
7.907246343506637913e+02
7.906213238589015191e+02
7.904808464779810038e+02
7.905131301838692934e+02
7.906098726081717132e+02
7.905359778986064612e+02
7.906134500113919330e+02
7.904728296098774081e+02
7.903057403250768402e+02
7.906284832113310586e+02
7.904781209150080485e+02
7.904708085318613939e+02
7.904206265800631854e+02
7.906082190064482802e+02
7.907846811355158252e+02
7.903860524832002739e+02
7.907454495958714915e+02
7.908003747430536805e+02
7.909262054326359248e+02
7.910583359860859218e+02
7.908572190681348957e+02
7.910883449794723674e+02
7.911795038915516898e+02
7.911204812604943299e+02
7.911385317543906694e+02
7.911020510600045554e+02
7.911101424404787394e+02
7.911355241079057805e+02
7.910464277452427950e+02
7.910396044275870508e+02
7.911768170211886400e+02
7.910640312434751422e+02
7.910466388847557937e+02
7.908825972192648806e+02
7.910321331097932216e+02
7.910036069002596832e+02
7.909882993628945087e+02
7.910177878501370969e+02
7.908203183081340057e+02
7.907380919904830989e+02
7.905433437532119569e+02
7.905745389637254448e+02
7.907798554367669794e+02
7.906139648788038130e+02
7.904844427474255326e+02
7.906649940989565266e+02
7.907305247941949347e+02
7.906083328824314549e+02
7.906608953410229788e+02
7.907684425393008496e+02
7.905295742675382371e+02
7.904288361200857480e+02
7.906150652595911197e+02
7.907805752596841558e+02
7.908709137891662522e+02
7.909028590308852245e+02
7.909866035365948846e+02
7.909427126708080777e+02
7.909176211232877449e+02
7.909435390401391714e+02
7.910681724600244706e+02
7.908906239814037917e+02
7.909460956190764591e+02
7.910848686092217577e+02
7.912176301649896004e+02
7.910423544999629257e+02
7.909527546690974305e+02
7.910228751175667412e+02
7.911206685445879430e+02
7.909339686202279154e+02
7.910998597159345991e+02
7.908544577060101801e+02
7.908150286340830917e+02
7.907715107720742935e+02
7.908230446673466076e+02
7.908718526448100192e+02
7.906965801911400149e+02
7.906848009773942749e+02
7.907066743288654607e+02
7.908310613327687406e+02
7.905987707009845735e+02
7.905834186003302193e+02
7.907052659428940160e+02
7.907068021866959953e+02
7.905013208411239702e+02
7.905182159226974363e+02
7.905960396159932770e+02
7.906614217043402277e+02
7.906698075998366448e+02
7.907561359556713114e+02
7.907896096236867152e+02
7.907599573368220263e+02
7.909126955728185067e+02
7.907743918738501634e+02
7.908225481007895041e+02
7.910783899831787949e+02
7.909119681880465578e+02
7.909837970315500115e+02
7.911512223853513888e+02
7.909128036433942270e+02
7.908669011825429607e+02
7.910582045367503952e+02
7.910674449987677690e+02
7.908708254953027108e+02
7.909030677668877161e+02
7.910266307995703983e+02
7.910702016674210881e+02
7.909082329228169783e+02
7.907706392746562187e+02
7.907559679863699102e+02
7.908221765743004426e+02
7.909382474466539179e+02
7.908194555901939111e+02
7.907713136637496518e+02
7.907272986904783920e+02
7.907360085832298182e+02
7.907453882358963710e+02
7.906668677149124278e+02
7.907600591716461622e+02
7.907612578908499472e+02
7.907682444423332981e+02
7.907079964310752302e+02
7.906627890013354545e+02
7.906863345714560865e+02
7.907914570407948531e+02
7.907049431554052035e+02
7.906960499542415164e+02
7.907271218785714382e+02
7.905885349024472362e+02
7.908687637841421747e+02
7.907592269576504123e+02
7.907573268874544965e+02
7.907737342811926737e+02
7.908947258289048250e+02
7.909141703411955859e+02
7.911065886781847212e+02
7.909568578404637265e+02
7.909974654199758106e+02
7.909331349430981390e+02
7.909841480715521129e+02
7.910006894890930198e+02
7.910416507158428203e+02
7.909836235690095236e+02
7.909204785919019969e+02
7.909124556445644885e+02
7.909892630984606967e+02
7.910820963564810882e+02
7.910394377803332873e+02
7.908854922384745123e+02
7.908452413706227162e+02
7.907842844557378612e+02
7.907511769084064781e+02
7.907619270192188878e+02
7.907132870955742874e+02
7.907670480936549211e+02
7.908289995728200665e+02
7.906685728994488045e+02
7.906122576003433551e+02
7.907344499484263451e+02
7.908561424014581007e+02
7.908655341286788598e+02
7.908571604057528930e+02
7.907501509193475613e+02
7.907220072415647110e+02
7.908097151070618338e+02
7.906950269124470196e+02
7.907414533666141097e+02
7.909314111241590126e+02
7.910329608121667206e+02
7.910713462625219563e+02
7.908947258289048250e+02
7.908534803066251015e+02
7.907337801381918325e+02
7.909056276043842217e+02
7.909680982843764241e+02
7.908528918414808686e+02
7.909285021711799573e+02
7.908643312323671353e+02
7.907481111213758140e+02
7.909295216187264259e+02
7.910571790007637674e+02
7.911305684261869828e+02
7.911063352586461406e+02
7.910500250643724485e+02
7.909317407878118047e+02
7.909766251481488553e+02
7.907725081948747174e+02
7.907911110740247977e+02
7.910887521770301873e+02
7.909622887032630842e+02
7.909428562930423823e+02
7.908327570535849418e+02
7.906880293951263639e+02
7.907484477767660564e+02
7.907574970517815700e+02
7.907317190027457627e+02
7.906842738612094763e+02
7.906267644918070800e+02
7.906250529045139501e+02
7.906462159234653200e+02
7.907035644051169356e+02
7.907914570407948531e+02
7.908073303811249843e+02
7.906774485160389077e+02
7.908324196657978291e+02
7.907723664076835348e+02
7.908419886256368727e+02
7.907445405841240245e+02
7.908644989591517742e+02
7.908027164642649041e+02
7.908199533111419441e+02
7.906858110240028736e+02
7.907146525465375362e+02
7.910396195698543806e+02
7.909443831315822990e+02
7.908820763808216725e+02
7.906779610364646942e+02
7.905306819300615189e+02
7.909172343322330789e+02
7.908745739425183956e+02
7.907312229276844846e+02
7.909155371463790516e+02
7.909819486919889187e+02
7.909032397655317936e+02
7.910059803356659813e+02
7.909779901993839530e+02
7.909769668638364237e+02
7.907452040736167191e+02
7.908163720676240018e+02
7.909788507691807808e+02
7.907670480936549211e+02
7.908923160626098934e+02
7.908064733016003629e+02
7.908832704154085604e+02
7.906557782995691923e+02
7.908305345884604094e+02
7.906573173840160962e+02
7.908404424921764075e+02
7.907120929689579043e+02
7.907303536910227422e+02
7.906991248348093677e+02
7.906503134401303896e+02
7.908017433364331055e+02
7.908355079550123037e+02
7.907662502433054215e+02
7.908657114583947987e+02
7.909324955897587870e+02
7.909122837027966852e+02
7.908754671655271977e+02
7.908616097896630208e+02
7.909558036960106620e+02
7.909849895409072360e+02
7.910117951921384929e+02
7.909701775138811399e+02
7.909629826816496916e+02
7.909686295460039673e+02
7.909680982843764241e+02
7.907552714114514174e+02
7.907225030479811494e+02
7.910061534641101844e+02
7.909401032958155611e+02
7.909537669523839440e+02
7.909605854139126677e+02
7.908122742589152949e+02
7.909829582494199940e+02
7.908982966758559314e+02
7.907516880638473822e+02
7.908348037673041517e+02
7.909102458593970368e+02
7.906946848553641303e+02
7.907463972172093918e+02
7.908481182526810471e+02
7.908493105824907161e+02
7.907805752596841558e+02
7.908902725706487900e+02
7.907190971889027651e+02
7.907733771107903067e+02
7.906581633728269480e+02
7.907834335527951453e+02
7.908928310777220076e+02
7.908020392482036414e+02
7.908829536818525412e+02
7.909106005536119710e+02
7.907660677872346469e+02
7.905446692028424422e+02
7.907418058314164000e+02
7.908005575753683161e+02
7.908031120372031637e+02
7.908974609308183972e+02
7.909606028073120569e+02
7.908576854860500589e+02
7.910349938406155843e+02
7.909928394442193849e+02
7.907593668811846328e+02
7.907337801381918325e+02
7.908061390856097432e+02
7.909134782953723288e+02
7.909206528364928772e+02
7.909044333291867588e+02
7.907202889448675478e+02
7.909153616934792126e+02
7.908889062705408151e+02
7.908564795047450389e+02
7.908580125463922741e+02
7.907353058985602274e+02
7.907854801746499334e+02
7.908389140810324989e+02
7.907378672670645301e+02
7.907156774839418176e+02
7.908732073957903594e+02
7.907651760871216311e+02
7.907783165359332997e+02
7.908032313730902843e+02
7.907880622353204672e+02
7.906380565605689981e+02
7.905593478160253653e+02
7.908440196206838664e+02
7.909717277283166368e+02
7.908131527349621592e+02
7.908173933609579080e+02
7.908571604057528930e+02
7.908110811049568838e+02
7.909877218068273805e+02
7.909271358273700798e+02
7.908742262561154348e+02
7.907668799620248592e+02
7.908875400778200628e+02
7.908199925492870079e+02
7.909255965546449261e+02
7.909228651715391152e+02
7.909334467182002300e+02
7.907537562271656952e+02
7.909225515266379034e+02
7.908752491758549468e+02
7.908996633438526942e+02
7.907440116417128593e+02
7.907738734886974044e+02
7.909341342471620919e+02
7.909790175938017001e+02
7.908008500850319251e+02
7.908738840570381399e+02
7.908805397641143600e+02
7.908976065915760501e+02
7.906588482320109961e+02
7.907463972172093918e+02
7.907201154245203725e+02
7.907071484099000145e+02
7.907312229276844846e+02
7.908793451766607632e+02
7.909080182893931124e+02
7.906590164415034678e+02
7.907071484099000145e+02
7.906322308314138354e+02
7.907827706441892133e+02
7.907189226803543534e+02
7.908711818534461599e+02
7.909151876123384000e+02
7.906899089941285865e+02
7.907803940691876505e+02
7.909744076961583232e+02
7.908667248408487467e+02
7.907796830271170165e+02
7.910005178957007956e+02
7.909559759575323596e+02
7.910070033044851243e+02
7.910520598045632141e+02
7.909947211719704683e+02
7.908564795047450389e+02
7.907620977313815729e+02
7.909682739999194609e+02
7.909602491231581780e+02
7.908569881227075484e+02
7.907830894484718556e+02
7.908576854860500589e+02
7.907904414215441875e+02
7.908590526632326601e+02
7.908054467257286433e+02
7.907839478156041650e+02
7.908803701750042592e+02
7.909479534251307768e+02
7.909740647722727545e+02
7.907820675071418464e+02
7.907469202305965155e+02
7.907820675071418464e+02
7.906724980867857084e+02
7.907068513648903263e+02
7.907194503222964386e+02
7.906349646457409790e+02
7.908595478349747054e+02
7.910390919768827871e+02
7.908969301152440039e+02
7.907692761156491770e+02
7.906361553209138719e+02
7.908708254953027108e+02
7.908390775876634962e+02
7.908409792175117445e+02
7.908184443971913424e+02
7.908307584075022305e+02
7.908133325459783691e+02
7.908912922869670865e+02
7.910285099780547853e+02
7.909886085923792507e+02
7.907975960598520260e+02
7.908528918414808686e+02
7.909945543506615877e+02
7.908493105824907161e+02
7.908807107250459012e+02
7.908822490973955155e+02
7.908339626869226322e+02
7.910201447287381598e+02
7.909474435487908295e+02
7.906718275105148450e+02
7.907936707800075737e+02
7.908472634124256047e+02
7.908307060541020519e+02
7.908289995728200665e+02
7.906327332811117685e+02
7.907098814163442739e+02
7.907936707800075737e+02
7.907163642143116249e+02
7.909235624767972013e+02
7.908430020933660671e+02
7.906854688531574311e+02
7.907103870549815383e+02
7.906470926628487632e+02
7.906579914306488490e+02
7.908087025845009066e+02
7.906035517238242392e+02
7.907160181049143830e+02
7.906296732924555499e+02
7.907573268874544965e+02
7.908032313730902843e+02
7.909484756468037858e+02
7.908598925645400186e+02
7.908547758228814928e+02
7.908704746245007300e+02
7.907977675326355893e+02
7.908053048895636721e+02
7.906522060279837660e+02
7.907544199284582191e+02
7.908730332504959506e+02
7.908459127876332104e+02
7.908023913567240015e+02
7.909742825701081301e+02
7.911657293229764036e+02
7.910824391238156750e+02
7.614479437572301777e+02
7.250590020483223270e+02
7.182323626580503060e+02
7.112214042675385599e+02
7.047195079199237853e+02
6.979163802125751772e+02
6.911324887443553280e+02
6.843449692653604188e+02
6.779186323552577278e+02
6.713837694564986123e+02
6.648479028304030862e+02
6.583532914995813599e+02
6.520117541503035454e+02
6.457743519834715471e+02
6.395097318240668756e+02
6.331779176159158169e+02
6.270672908234371334e+02
6.210534605023326549e+02
6.147152561293830786e+02
6.087949348802414988e+02
6.030437750515337711e+02
5.970945766613497199e+02
5.913685661188455924e+02
5.858047188756273727e+02
5.799259652448023417e+02
5.745242275401415100e+02
5.689256590736404178e+02
5.631958104603628499e+02
5.577222293685656496e+02
5.524269541178625786e+02
5.470182509688675054e+02
5.419425948061675626e+02
5.363470649392860423e+02
5.314114721376732859e+02
5.264588141666214369e+02
5.214380636486242793e+02
5.163759298183533701e+02
5.112853729489759189e+02
5.065696609311741554e+02
5.017618254187675575e+02
4.969712153746598915e+02
4.922863630575247953e+02
4.876650728212972581e+02
4.827746617588824165e+02
4.782137923412665259e+02
4.735340331718713855e+02
4.690044853239838289e+02
4.644246891924223064e+02
4.599915720221795823e+02
4.554877498070530351e+02
4.508742200774980233e+02
4.466684194748332288e+02
4.422692773200724901e+02
4.379681181569617365e+02
4.336763068496768483e+02
4.294298649437398581e+02
4.254150683840836109e+02
4.212501243844533292e+02
4.169703954259250054e+02
4.129369154902952346e+02
4.090391177632969288e+02
4.050066260619043987e+02
4.010752220188459773e+02
3.972535909517342247e+02
3.932774781041673009e+02
3.894877792755931978e+02
3.857861499600032289e+02
3.821236683802109155e+02
3.783073408698294315e+02
3.746971629241819528e+02
3.711766514823158900e+02
3.676335920105541959e+02
3.641059971619560542e+02
3.606087290689642373e+02
3.574312589735499159e+02
3.539253974326528578e+02
3.505622285584565248e+02
3.471351412094862212e+02
3.439318446302658572e+02
3.406406874927542958e+02
3.372706024716009665e+02
3.339456110190063214e+02
3.305701814339426505e+02
3.274555434984150679e+02
3.243835958183143475e+02
3.213686390129006440e+02
3.181209407397122391e+02
3.151997501397974588e+02
3.121681591787379944e+02
3.093228245528534330e+02
3.063952079113443006e+02
3.032285162173650974e+02
3.004671186307368771e+02
2.974808236634460741e+02
2.944350128115536336e+02
2.917359201882429716e+02
2.887570405053488116e+02
2.859743689394942407e+02
2.832336995899786416e+02
2.804522899630590587e+02
2.775890378512598318e+02
2.749824504852352902e+02
2.722978564451732382e+02
2.695382165103221155e+02
2.669945071907766305e+02
2.643591261599200948e+02
2.617832659231801813e+02
2.592713833537545725e+02
2.567562239968884228e+02
2.541814056887404547e+02
2.518696372968537673e+02
2.493788854481791759e+02
2.469390078791967369e+02
2.445582160883939764e+02
2.424505091276142537e+02
2.400999401656387136e+02
2.376462607619247933e+02
2.353420337244961615e+02
2.330922877061315148e+02
2.309629625651148785e+02
2.287523654185489193e+02
2.265731456314807986e+02
2.243845483073424703e+02
2.222143748003006465e+02
2.201169526034691160e+02
2.179230619895968459e+02
2.159117274181124344e+02
2.136308682971379653e+02
2.117696291683775769e+02
2.096189812742349261e+02
2.075564654238565083e+02
2.057143053326434483e+02
2.038377282622423365e+02
2.019749141255701375e+02
1.999993691145384389e+02
1.979390422207552831e+02
1.958978017407917775e+02
1.941162194079349774e+02
1.922880124704049081e+02
1.904815290866662565e+02
1.884298624671753259e+02
1.866394609105857683e+02
1.848854382573225905e+02
1.832487712364514039e+02
1.815052293461578188e+02
1.796680764118665081e+02
1.780610662744548733e+02
1.763818760583541234e+02
1.746648741154390905e+02
1.729296515537483572e+02
1.713452603789571924e+02
1.698060886756660750e+02
1.683383402451826214e+02
1.665784908479061244e+02
1.650861046621123194e+02
1.634735368980319095e+02
1.619872995765569215e+02
1.604384704162080197e+02
1.588435282728257221e+02
1.574986757647476736e+02
1.559752383627850065e+02
1.543625281020967748e+02
1.527958104260347909e+02
1.514992372850342406e+02
1.500277337529564932e+02
1.484979573133888664e+02
1.470475620972764830e+02
1.456858691550220044e+02
1.442451016645066488e+02
1.428946652988109065e+02
1.413326277046500081e+02
1.398920981469973128e+02
1.387624724668504541e+02
1.373483402446350112e+02
1.359533725718366952e+02
1.346455825586002106e+02
1.333931150845911588e+02
1.321672008941580714e+02
1.308006099534951261e+02
1.297548887149446273e+02
1.284206521705666262e+02
1.272396752696401023e+02
1.259490700003670298e+02
1.247021690398832590e+02
1.236363338035152140e+02
1.224507996272202632e+02
1.212212763218275171e+02
1.201412110922227470e+02
1.189294565363125855e+02
1.177727930821260571e+02
1.166036645584566998e+02
1.155563030681559411e+02
1.144587167697301027e+02
1.134020743492019108e+02
1.124905926331019543e+02
1.113631207353855075e+02
1.100793329937285705e+02
1.091619434620074003e+02
1.080544097880017631e+02
1.070101039729659931e+02
1.060845283536681336e+02
1.049484889872454971e+02
1.040043488294416960e+02
1.029315501902218983e+02
1.018130433116195945e+02
1.008684089219826205e+02
9.974582785946029162e+01
9.898940610231925064e+01
9.798277383318088596e+01
9.684510310057849836e+01
9.622635313581243111e+01
9.512962453545067376e+01
9.413380813913707357e+01
9.311392103642572238e+01
9.204526978202429177e+01
9.110906662716250537e+01
9.024408255537078105e+01
8.929481606194428878e+01
8.823068380577218761e+01
8.752840176482708046e+01
8.656938209758295955e+01
8.586247222597670259e+01
8.497573638827972786e+01
8.430867437531932751e+01
8.351003603016785348e+01
8.259153513951505943e+01
8.175092901321178829e+01
8.097411492971068014e+01
8.031444886116649684e+01
7.942704746524928794e+01
7.856144232555739393e+01
7.788497529879298042e+01
7.736881559385572871e+01
7.655211342308884070e+01
7.580777158530140980e+01
7.516896730623820133e+01
7.441712199142877182e+01
7.358864178430332004e+01
7.276578869918282066e+01
7.217262726066927314e+01
7.151056597957455097e+01
7.076065959471729627e+01
7.017382559766376460e+01
6.934606584625231562e+01
6.878558658733919629e+01
6.814547784888215176e+01
6.730976109792905504e+01
6.672299153656376802e+01
6.608258234471679771e+01
6.545748581017267043e+01
6.460731289673638855e+01
6.389903615256006475e+01
6.332144057525914604e+01
6.274917788352335180e+01
6.223725781542675861e+01
6.149346558791133788e+01
6.076449913615822140e+01
6.011482692022133278e+01
5.969282108415580979e+01
5.911872410366252240e+01
5.852469626229029842e+01
5.784541645856513270e+01
5.724658507167997357e+01
5.690440023924170987e+01
5.625641276184411765e+01
5.556761043124249255e+01
5.512329917807380752e+01
5.459704800954656889e+01
5.425739036370710977e+01
5.370183452904492327e+01
5.325733791444148579e+01
5.281040510175071034e+01
5.234580119363980799e+01
5.182315276453086028e+01
5.131341596920625392e+01
5.074755126094940039e+01
5.027434873511863600e+01
4.970427954826141104e+01
4.918867458602638720e+01
4.866676647437526526e+01
4.844601602571106724e+01
4.797851083796939520e+01
4.720486731264206526e+01
4.666154725189559827e+01
4.632860173308213092e+01
4.583551543026477759e+01
4.532813219200655652e+01
4.474995741046828357e+01
4.431910626123956121e+01
4.406930569661732022e+01
4.340063364663219403e+01
4.291788654006232662e+01
4.247008315199546757e+01
4.207546635807833724e+01
4.171260084013439240e+01
4.123511987385382582e+01
4.093188017406303203e+01
4.061859365908226494e+01
4.021368559887069694e+01
3.955875014887080710e+01
3.924035459022513805e+01
3.893555006555624942e+01
3.859232050553180926e+01
3.817101766445117050e+01
3.780696619701372896e+01
3.735946436765288325e+01
3.717086662050883206e+01
3.687440386311003238e+01
3.650156748141973395e+01
3.639116636280238026e+01
3.594056280587995644e+01
3.552108492833966835e+01
3.516803563123755794e+01
3.461234131417729998e+01
3.443300983997044540e+01
3.403488196530002341e+01
3.374916203060632114e+01
3.351794692088799366e+01
3.326853913237643212e+01
3.289380411318685304e+01
3.246476312586828783e+01
3.198589113435746967e+01
3.172649780173120604e+01
3.139897833789499160e+01
3.099767992583538145e+01
3.073951000251329546e+01
3.052962841921329584e+01
3.020418325103953094e+01
2.972388537804765818e+01
2.958804959130852197e+01
2.918346910551283457e+01
2.889081364702521171e+01
2.861831399366086615e+01
2.837728532512233670e+01
2.812281844087339877e+01
2.785530225298156992e+01
2.750840524600577908e+01
2.725330042285731835e+01
2.700214402321479668e+01
2.679918676868515348e+01
2.661321634279168080e+01
2.634732047027151580e+01
2.616879278816717047e+01
2.594517277951933210e+01
2.574019409665139690e+01
2.548488958629825163e+01
2.531946545680046512e+01
2.517331701591968596e+01
2.489323833324232282e+01
2.458982172219472062e+01
2.443436340239690452e+01
2.422610982377492661e+01
2.400223403110549114e+01
2.386739590008808776e+01
2.371614812636530800e+01
2.340711814191099194e+01
2.320146883284035155e+01
2.300845033170863019e+01
2.267216173259765100e+01
2.257406502360754885e+01
2.234141040407628154e+01
2.203145155425682589e+01
2.187493033719649560e+01
2.152220188564402292e+01
2.134380786393675322e+01
2.097339333220642388e+01
2.104262455298476198e+01
2.073837008589704212e+01
2.049817673435387988e+01
2.026969342405984165e+01
1.988307850589037784e+01
1.974784048569684813e+01
1.962886892292361196e+01
1.956795588132396091e+01
1.924476025764588627e+01
1.897431139724940863e+01
1.871303867680477850e+01
1.872507138800245485e+01
1.855707160608469408e+01
1.834480703797952117e+01
1.812965052770492136e+01
1.813634240003251463e+01
1.784375676616304673e+01
1.790036084733691979e+01
1.769450882813200465e+01
1.741707407226379090e+01
1.723957288497036799e+01
1.722543939950037029e+01
1.705766059055137163e+01
1.703232389489679477e+01
1.677295502752608414e+01
1.660972248795067685e+01
1.648414358384810541e+01
1.634488049893376882e+01
1.617544983145818804e+01
1.609977400623959554e+01
1.587370963090229736e+01
1.562832808142509400e+01
1.550462958596816776e+01
1.528376363531503834e+01
1.510065721684160067e+01
1.492827614553863569e+01
1.469342791949137172e+01
1.463073024070749639e+01
1.451941637427976595e+01
1.421749182179766535e+01
1.400107157072575426e+01
1.398330525314030481e+01
1.393758228091984286e+01
1.348583437432914245e+01
1.353451069956396857e+01
1.349444170758114581e+01
1.324396698770485692e+01
1.306221395729029666e+01
1.313554802337793070e+01
1.293959685924712133e+01
1.279968248407877418e+01
1.272566284231362665e+01
1.259776441739544950e+01
1.250677257311805413e+01
1.246095348183806095e+01
1.229602579786046590e+01
1.235229520087348298e+01
1.211011484192738408e+01
1.191228415277534225e+01
1.195500441765041266e+01
1.182900971223287812e+01
1.185951184823311877e+01
1.155253455122201878e+01
1.148745291854657147e+01
1.140070094256887856e+01
1.125947900480276687e+01
1.117196098211519129e+01
1.111505175139477331e+01
1.104803543254346110e+01
1.086185842178594463e+01
1.063654621878776574e+01
1.063276525912269577e+01
1.041096622877224753e+01
1.029910144712756725e+01
1.012638484332318534e+01
1.010067205582835825e+01
1.003795250599978139e+01
9.763780089567665854e+00
9.664314402965233697e+00
9.568548369731468384e+00
9.347736514199638691e+00
9.384612957004105027e+00
9.301818543316899834e+00
9.038804249271889191e+00
8.976969002371349760e+00
8.870491282736640670e+00
8.821078668070693851e+00
9.000057823398536883e+00
8.819983917131033024e+00
8.738656332928243842e+00
8.657537267407191095e+00
8.392655987812998930e+00
8.357130511334638356e+00
8.465571968298608141e+00
8.467271243414593584e+00
8.294943402378448738e+00
8.406585639699914125e+00
8.422540705568559716e+00
8.363035524518400265e+00
8.140576058172285911e+00
8.156543334211377783e+00
7.998908918456107742e+00
7.809718272913864112e+00
7.913553420427759555e+00
7.887023296200809774e+00
7.758097679309062578e+00
7.584943267817360280e+00
7.427366280589787095e+00
7.356522343753993276e+00
7.122925938882766594e+00
7.142290163392702951e+00
6.981377485750047462e+00
6.949823220033188420e+00
6.872825102953029841e+00
6.771054040817819697e+00
6.690192947005860979e+00
6.430173174602537678e+00
6.516770494884771558e+00
6.394390172386350102e+00
6.327774439201190759e+00
6.245649377995637686e+00
6.108704300966961931e+00
5.950269959538401210e+00
6.178529252742384514e+00
6.073949890085321712e+00
6.010155591815493636e+00
5.936447073049115453e+00
5.951724859710224358e+00
6.034811498552432596e+00
5.993328886070709238e+00
5.888530043369578415e+00
5.899387241148184025e+00
5.934827552620072666e+00
5.766423932558060628e+00
5.818499371196007353e+00
5.803940222087734746e+00
5.717298394821821894e+00
5.522964854925797695e+00
5.560543256897415354e+00
5.617843682862092791e+00
5.586903987599532329e+00
5.649535812037659532e+00
5.514062511183200677e+00
5.511145678851354646e+00
5.356204906229825369e+00
5.344491986073052203e+00
5.236384847118592312e+00
5.036733857462071917e+00
4.854739544759579140e+00
4.862760606009011610e+00
4.963762001253311240e+00
4.789874631102511771e+00
4.642880922994647719e+00
4.504726785709587844e+00
4.496935687331114373e+00
4.394829097730945655e+00
4.505377041202210719e+00
4.297024846676856136e+00
4.141632617726893173e+00
4.258681631661191069e+00
4.202770083798932355e+00
4.068916346939573714e+00
4.033543482117636358e+00
4.148704958692317923e+00
4.162031615376466043e+00
4.059834785143339175e+00
4.021927983719520761e+00
3.950326216977999572e+00
3.987580498724271116e+00
3.945912796396017885e+00
4.048359044743016888e+00
4.121079994699431204e+00
4.029474327120022181e+00
3.979224059618120979e+00
4.117724509782856757e+00
4.010906465898641748e+00
3.744725017900056852e+00
3.884190541329160862e+00
4.155848807749242368e+00
3.949364808384642878e+00
3.816658950533912797e+00
3.649852063515325540e+00
3.626004791806636263e+00
3.643645824412775625e+00
3.496387637653343372e+00
3.663026882182155664e+00
3.543137223231047184e+00
3.437875644918634954e+00
3.387106592305616726e+00
3.345594310858913456e+00
3.323514461031764622e+00
3.312252290701094282e+00
3.165769317718393872e+00
3.150398662931113591e+00
3.094054907724048231e+00
2.995382472281133968e+00
2.890533151683216673e+00
2.865145259089424190e+00
2.870721589298277809e+00
2.879680033589214094e+00
2.880795055672741967e+00
2.881518082537455339e+00
2.820006892096295736e+00
2.808224554502067427e+00
2.696090520767487231e+00
2.809290696085214645e+00
2.927531572230603008e+00
2.817019710000256527e+00
2.764056661931443060e+00
2.935414975250886016e+00
2.920303143155154046e+00
2.748065827746694723e+00
2.887476146118844511e+00
2.779299758627066463e+00
2.811074419472975094e+00
2.627572115251347817e+00
2.706461203902632562e+00
2.662789377894495324e+00
2.676055771739195954e+00
2.561872833462071064e+00
2.490090378307458607e+00
2.496852246540451237e+00
2.533176083786354393e+00
2.552164555955587222e+00
2.444178213232520047e+00
2.261456497318767855e+00
1.953067136181289021e+00
2.238551492607132598e+00
2.265913952420540944e+00
2.155165456639867028e+00
2.095084302181883906e+00
2.210840593823944378e+00
2.024608283130897135e+00
2.008683183272283568e+00
1.951333131279338273e+00
1.905239761451958058e+00
1.831075017759580259e+00
1.858295209012929883e+00
1.839988747740284980e+00
1.788024941360881970e+00
1.831975449398277389e+00
1.992696152352290584e+00
1.860255929017185172e+00
1.905410594627257259e+00
1.879369662779194927e+00
1.987298526666350540e+00
2.025454818986853756e+00
2.086085154381893236e+00
1.911800144068876328e+00
2.017683405197659319e+00
2.104766763206799673e+00
1.845111696163432846e+00
1.973316565463521188e+00
1.835679150787871583e+00
1.807626405287518834e+00
2.009838756549780392e+00
2.056510588394589334e+00
1.832543915107883281e+00
1.892153972442295995e+00
1.747268840275885360e+00
1.798769449525259301e+00
1.595960296324735017e+00
1.758891722795016710e+00
1.852869108265598364e+00
1.825104382463385022e+00
1.616749943489742325e+00
1.508532967110701506e+00
1.414536119265454639e+00
1.435731133302101892e+00
1.320782928655571675e+00
1.254399757754035560e+00
1.343732407371847959e+00
1.313765411487119339e+00
1.066836280627620148e+00
1.158571837458717724e+00
1.260956139176635737e+00
1.315482062169057720e+00
1.199430930314253851e+00
1.270231971716515806e+00
1.269941525584480813e+00
1.336608098114904219e+00
1.242598410029237543e+00
1.309099319767059955e+00
1.408771732822415412e+00
1.355549730602040093e+00
1.305414280452904530e+00
1.516738593145608105e+00
1.434461002722397849e+00
1.344458901983320187e+00
1.383374054513765827e+00
1.477444137867589324e+00
1.471203585632505195e+00
1.559875060358543619e+00
1.612435825100647424e+00
1.588573886027339954e+00
1.445491771247837898e+00
1.459609039182448109e+00
1.443148021355487032e+00
1.344055342345837900e+00
1.324605420266378175e+00
1.196369558271181521e+00
1.304599513634782992e+00
1.197040468903209920e+00
1.162591714542645649e+00
1.099056547814456275e+00
1.004913979937613222e+00
9.537752031254568275e-01
9.246409881893563609e-01
9.328186419197920243e-01
9.050488138718328912e-01
8.429288072212404170e-01
8.643828770821075924e-01
6.988032078344963427e-01
7.367145384092358418e-01
8.838944498115308690e-01
8.606846694870065040e-01
7.790606404071162006e-01
9.887179710412683509e-01
9.958688217662785558e-01
9.210198184097556640e-01
9.853763611891735996e-01
9.164850743464962868e-01
9.385468448357262572e-01
1.052996630154739544e+00
9.695031017709748733e-01
9.626298146939691325e-01
9.493054974874847174e-01
1.166913908761454399e+00
1.096110778764784133e+00
1.051841983022882676e+00
1.019768423313440087e+00
9.612312001125975502e-01
9.257667690302447960e-01
9.740137930649136466e-01
9.764613472890008028e-01
9.021670973209666711e-01
9.918733220843726217e-01
9.429524883690486581e-01
7.957062885112314854e-01
8.043855967439040855e-01
8.463457009279810039e-01
8.401697908605912923e-01
6.248341412223351599e-01
5.684239644030473215e-01
7.303246674592349663e-01
6.548810942355623999e-01
4.546055398073441389e-01
4.734511667157375037e-01
5.744994766264287511e-01
3.703840499083846383e-01
3.601662264704253436e-01
6.228166344138708066e-01
7.224080398646527401e-01
6.888262710149830603e-01
6.072574300856833363e-01
5.004122524905025848e-01
6.062202689015376844e-01
6.588123652118925699e-01
6.841797817369515977e-01
7.820630262540171351e-01
7.183414971714587871e-01
7.147984468759825960e-01
7.762702996355834717e-01
8.135325799389794277e-01
6.758511863070740810e-01
6.193928114162275955e-01
7.395074166443493802e-01
7.830889740429407553e-01
7.203324529408506871e-01
7.366850833770024476e-01
7.207239625497146029e-01
6.029541461769674093e-01
7.546978956610641553e-01
7.193979932734468896e-01
6.773905665371997564e-01
5.609304696698009796e-01
5.230974147193665491e-01
5.377835607933280082e-01
4.802316766249200564e-01
4.600620454450010666e-01
4.239285283060870713e-01
4.052966089647870862e-01
3.452155060036313783e-01
2.521499233810726159e-01
3.659043835372349784e-01
2.275413078745535667e-01
3.783252727426470452e-01
3.726619201464987929e-01
3.189472278884538103e-01
3.075872115481337321e-01
4.429036359664216826e-01
4.018554505090231599e-01
4.878972206697027025e-01
4.312364292525531217e-01
4.239285283060870713e-01
3.107456342554287820e-01
5.230974147193665491e-01
5.989460824564205588e-01
5.212273484624848630e-01
3.579907058699483557e-01
5.916191376097348353e-01
6.088276799405302198e-01
5.065752502955446213e-01
5.922056978109233594e-01
4.649414857029588455e-01
6.090771191690216302e-01
4.573656532337759817e-01
5.641321756221870931e-01
5.777011047929403453e-01
5.208108662957310342e-01
3.773489478305320777e-01
4.750526006999883921e-01
4.611455989447806880e-01
5.938157508749855040e-01
5.319822332467278869e-01
4.298756611090943092e-01
2.794964401098741225e-01
3.800420805599907248e-01
5.671627942725542271e-01
4.846843999303638295e-01
2.339362756333805138e-01
1.444816079729305536e-01
1.480422637049912116e-01
1.629730297061186550e-01
1.528027484815740467e-01
3.726619201464988207e-02
7.002921368119817414e-02
1.211151240476121133e-01
1.054047083302355886e-01
1.709021633744877977e-01
1.133406982168054938e-01
3.966377388776712309e-01
1.515192682247136491e-01
2.814306946086358452e-01
3.760240027733699475e-01
3.023216238377403053e-01
3.282017683991709234e-01
5.149026070520902332e-01
4.453465868510617098e-01
3.547635786289136117e-01
4.152401227104419723e-01
4.352433578846139905e-01
3.901843269530129721e-01
4.229548622229938326e-01
5.509381446821425277e-01
4.986311884300613229e-01
5.313700320773574459e-01
4.096103794337853654e-01
4.007198814676060095e-01
3.491530963439054003e-01
2.153916587372418368e-01
3.484065101089662275e-01
4.421681187647888978e-01
4.284092809997992468e-01
3.096964057081137978e-01
2.404319288805636390e-01
3.467208133149750626e-01
3.289282446784070890e-01
2.356920929749451443e-01
1.593374862079857401e-01
2.542922721886916038e-01
3.841311148523771091e-02
1.586550955510684924e-01
1.593374862079857401e-01
8.960368948972252667e-02
1.029046361344072430e-01
2.450801137578212940e-01
1.826851297941307073e-01
1.062249908053238129e-01
1.956475080769118913e-01
1.185802968715150424e-01
2.479847379581486544e-01
2.174970030919465280e-01
2.908345165271501997e-01
2.844981497338607279e-01
2.710619181393785770e-01
3.333840494312417246e-01
3.149075915406694959e-01
4.275473406299895029e-01
3.478455188530373277e-01
3.526777985465148202e-01
3.824326638732130634e-01
4.189857872409833983e-01
4.530276246796675621e-01
5.408414599439691495e-01
4.414313760390264352e-01
3.972937003052263161e-01
3.680331277105986509e-01
2.192854964522713557e-01
2.150892130106101807e-01
2.294406839605998283e-01
2.958645809682798333e-01
2.745616887566421083e-01
2.320736960324704945e-01
2.841928941204919234e-01
3.056764937109901492e-01
2.380738069550476510e-01
2.174970030919465280e-01
1.911595827642819379e-01
1.230701533270495279e-01
1.125722778434543603e-01
2.572615903360180867e-01
9.175735649167904295e-02
1.473075581093407083e-01
2.375263003499941683e-01
1.473075581093407083e-01
1.845758412727265541e-01
2.732942304536684075e-01
1.808946410140838679e-01
3.278710197830568274e-01
2.622736507225871261e-01
2.416023589678046868e-01
2.092597062323371393e-01
3.146318405319716294e-01
4.062057665830756115e-01
2.636764142473541073e-01
2.892634375498975285e-01
3.408507184736982998e-01
3.584147579588901067e-01
4.361895943467328229e-01
3.821488548071295677e-01
3.682688952733517707e-01
3.162827404032514944e-01
3.131801644040347887e-01
3.478455188530373277e-01
2.703404745228296102e-01
1.792073789794450533e-01
3.254797081430726990e-01
3.329281171389805172e-01
2.051756865510759587e-01
3.562894505249912802e-01
1.615017617387390081e-01
2.253372339897694032e-01
2.770792125009957640e-01
2.946151162186814165e-01
2.524939207079843762e-01
1.583813160622619676e-01
5.311249540266190644e-02
8.014397629352121299e-02
1.863309600732494103e-02
7.932754777553426007e-02
6.620651303746204197e-02
1.119925026008753016e-01
9.152056291888069350e-02
2.339362756333805138e-01
1.757842761649027474e-01
1.910460338485520104e-01
2.003599407338030047e-01
8.838453486560443606e-02
2.606136742312424315e-01
1.565900822020173944e-01
1.561738030015845935e-01
3.308358537317773185e-01
3.685633926377066549e-01
2.328205159709721417e-01
2.379826433266027663e-01
3.344887262407528206e-01
3.587173453981437610e-01
3.292579312848505912e-01
1.594736139442269052e-01
2.912073336479398811e-01
1.773817893144567781e-01
2.121433420739564368e-01
2.623563738442538651e-01
1.608285542991512718e-01
2.189884285853074541e-01
2.770008862202785194e-01
3.051791696265967468e-01
2.508557321665117468e-01
1.414459415303179479e-01
1.956475080769118913e-01
2.844218665444658845e-01
1.419054314515654502e-01
2.422302480952242265e-01
2.109123258277723900e-01
5.892302324373628608e-02
8.589432850826944632e-02
2.542922721886916038e-01
2.083243465182924303e-01
7.511241132992313441e-02
8.332973860731697491e-02
1.629730297061186550e-01
1.090473985866832057e-01
1.717886570165388926e-01
9.316548003662469823e-02
1.679564576876335091e-01
2.558236546827297175e-01
2.016553848799489401e-01
2.894134315644109612e-01
2.437483880136697978e-01
1.593374862079857401e-01
2.655624770133095391e-01
1.920655574261885823e-01
1.631061232601146160e-01
1.550582615572596856e-01
3.596235801359183304e-01
4.611926522175877063e-01
4.937770441941109478e-01
2.655624770133095391e-01
1.225400568789106470e-01
3.084326200455841382e-01
3.270758584997590090e-01
2.941728616042504907e-01
2.240818635869055164e-01
2.829685787060901569e-01
2.193844296837662855e-01
3.375883019049540912e-01
3.299820823633525801e-01
2.870041207066812428e-01
2.320736960324704945e-01
1.041621732591462152e-01
2.236941784114450937e-01
1.072415210557575854e-01
5.311249540266190644e-02
1.901352013238050698e-01
1.864473805532572692e-01
1.307639825823448676e-01
1.693716654161871171e-01
2.365192465552869994e-01
1.187631501749970980e-01
2.180947971733664115e-01
1.582442486925254854e-01
2.630172221804573662e-01
1.187631501749970842e-01
2.376176390576001107e-01
2.844981497338606724e-01
3.254130319755917933e-01
2.033698079477794796e-01
2.083243465182924373e-02
2.701798921062116277e-01
2.612789303849936129e-01
2.222343356794519442e-01
1.679564576876335091e-01
2.740078971479349423e-01
2.741662374657715673e-01
2.007926840904870891e-01
1.910460338485520104e-01
4.022332611026541160e-01
2.304786689114262932e-01
3.594425159739988440e-01
1.062249908053238129e-01
2.387109775262444833e-01
2.704207299719845192e-01
1.911595827642819379e-01
2.189884285853074541e-01
2.133672561255240407e-01
2.126541623224644795e-01
1.724190762250726316e-01
2.083243465182924303e-01
2.892634375498975285e-01
2.461403066540990558e-01
2.214518179832108413e-01
9.969141707123360674e-02
2.253372339897694032e-01
1.991650483492976020e-01
1.822093864609869440e-01
1.490647680585995283e-01
2.243721878679203752e-01
1.389696723812851864e-01
1.679564576876335091e-01
2.892634375498975285e-01
2.700995650962286776e-01
2.375263003499942030e-02
1.729217568142207284e-01
1.536524459409508436e-01
1.855139710327848857e-01
2.606136742312424315e-01
3.325368204899918911e-01
2.051756865510759587e-01
1.740474799584497134e-01
3.416773327536024030e-01
3.073048918819016873e-01
2.572615903360180867e-01
3.179250677084856092e-01
3.276061804669939126e-01
4.100339683571446181e-01
2.819699081486625736e-01
2.380738069550476510e-01
9.152056291888069350e-02
2.177961052315560142e-01
2.330999565788173244e-01
1.462727706809126837e-01
2.015477492251601943e-01
2.688110684691675800e-01
3.418678060561900489e-01
2.984932419205125753e-01
1.096427482261356778e-01
1.873761403754205801e-01
1.397482200549370612e-01
1.090473985866832057e-01
1.817323977200548391e-01
1.965327954401592525e-01
1.425157802099965287e-01
2.192854964522713557e-01
1.646948567659931029e-01
2.124499816106476258e-01
1.808946410140838679e-01
2.608633441025491329e-01
2.438373960093381532e-01
1.798117900679591652e-01
1.991650483492976020e-01
3.465956207442518755e-01
2.791857157891201036e-01
3.113734743181878484e-01
3.034678710729103446e-01
2.802717437909414966e-01
2.240818635869055164e-01
3.339693334953721671e-01
2.655624770133095391e-01
2.542922721886916038e-01
9.222911978895613483e-02
2.835813971362771135e-01
4.526442714274461765e-01
2.655624770133095391e-01
2.982750716572888927e-01
2.150892130106101807e-01
2.767657743774740720e-01
1.121860939339601876e-01
2.062305813530769527e-01
2.309489380576239537e-01
1.565900822020173944e-01
7.002921368119817414e-02
8.589432850826944632e-02
1.754135532014615140e-01
1.724190762250726316e-01
1.072415210557575993e-01
3.952676562383834746e-02
2.857918486748333708e-01
3.129722324361723373e-01
1.773817893144568336e-01
9.881691405959587560e-02
1.493556264191898963e-01
2.124499816106476258e-01
1.056103762493738468e-01
1.480422637049912116e-01
1.863309600732494103e-02
2.636764142473541073e-01
1.693716654161871171e-01
3.359129153752669905e-02
2.003599407338030325e-01
2.429458486146492402e-01
1.409849540743312868e-01
2.835813971362771135e-01
2.011166305513270580e-01
2.229167853445613579e-01
2.596125936777352594e-01
3.271421957600496588e-01
1.007738746125800972e-01
1.772594148333060116e-01
2.565859185446446311e-01
2.189884285853074541e-01
5.311249540266190644e-02
2.542922721886916038e-01
3.192872207660222283e-01
3.541513890810971121e-01
3.104661866860859987e-01
2.606136742312424315e-01
2.100876410435945363e-01
2.255297476805767920e-01
1.343651661501067962e-01
1.792073789794450533e-01
2.708216504737801511e-01
2.638409549274842725e-01
3.755620566496156720e-01
2.976925026018334974e-01
2.358761555512017549e-01
2.361519804229292308e-01
1.319204774637421362e-01
1.150508807982078968e-01
1.258596328199786674e-01
2.253372339897694032e-01
1.356509865108396218e-01
1.808946410140838679e-01
3.952676562383834746e-02
2.033698079477794796e-01
3.400220946504165509e-01
3.891819964996258152e-01
2.092597062323371393e-01
2.655624770133095391e-01
1.792073789794450533e-01
2.320736960324704945e-01
3.922919477470345750e-01
1.817323977200548391e-01
3.293897135319862057e-01
3.323409993990152356e-01
2.472837196285947725e-01
4.100339683571446181e-01
2.851076804802150644e-01
1.884155229331165859e-01
1.127648738402883960e-01
1.242982537021714989e-01
1.993828341424672135e-01
2.166973790500476005e-01
2.542922721886916038e-01
2.058092722688144860e-01
2.046462000256638047e-01
3.832828301625916256e-01
2.808904459650298224e-01
1.924041981077579122e-01
2.649898789840446911e-01
1.502248226598462688e-01
1.516624135265721984e-01
2.275413078745535667e-01
1.450811192948713024e-01
1.409849540743312868e-01
2.189884285853074541e-01
1.072415210557575854e-01
1.072415210557575993e-01
1.408309562631349376e-01
2.412428314487269354e-01
3.403410348712276323e-01
1.317558854127944823e-01
8.960368948972252667e-02
3.208465476074082723e-01
1.856309038972369374e-01
2.441042252659130496e-01
2.466686943247715091e-01
1.808946410140838679e-01
2.508557321665117468e-01
2.339362756333805138e-01
2.480722259615613101e-01
2.655624770133095391e-01
2.063357742093706315e-01
1.167360118927056045e-01
1.503692002257594473e-01
2.635117708255889646e-01
2.243721878679203752e-01
1.687298606622179009e-01
1.096427482261356778e-01
1.779923996893117699e-01
2.466686943247715091e-01
1.593374862079857401e-01
1.779923996893117699e-01
1.561738030015845935e-01
1.977435942082536591e-01
6.620651303746204197e-02
1.914998255421429263e-01
1.709021633744877977e-01
1.167360118927056045e-01
1.688584167651815404e-01
2.192854964522713557e-01
1.700110473252082754e-01
2.157942603198461928e-01
2.475468341413605833e-01
2.863228492496621702e-01
3.240766278405495249e-01
1.770144120695869294e-01
1.845758412727265818e-01
1.688584167651815404e-01
3.937826128305736972e-01
8.148651485305932751e-02
8.664890518606296888e-02
3.359775078026259743e-01
2.881359935913931913e-01
2.124499816106476258e-01
1.798117900679591652e-01
2.051756865510759587e-01
3.486555498191851177e-01
1.683436033208112192e-01
2.964507421787875852e-01
2.016553848799489401e-01
2.854119577071316249e-01
2.160957192705268981e-01
1.717886570165388926e-01
7.002921368119817414e-02
3.860469926468894086e-01
1.370831187328857836e-01
2.759019835011844446e-01
2.239850052017506032e-01
2.192854964522713557e-01
1.370831187328857836e-01
2.517192656399573347e-01
2.063357742093706315e-01
2.109123258277723623e-01
1.455291320523471876e-01
1.503692002257594473e-01
9.432285956869672361e-02
6.073646215366231005e-02
2.946151162186814304e-02
2.422302480952242265e-01
3.016749458269905593e-01
5.311249540266190644e-02
1.202159644402818195e-01
1.029046361344072430e-01
2.029425599801767122e-01
2.469324641677241583e-01
9.175735649167904295e-02
7.125789010499826437e-02
1.924041981077579122e-01
2.485965074043429979e-01
3.670294259667161718e-01
2.796516728017141573e-01
2.606136742312424315e-01
1.792073789794450533e-01
7.511241132992313441e-02
2.109123258277723900e-01
2.314182515634961579e-01
2.387109775262445110e-01
1.631061232601146160e-01
2.376176390576001107e-01
2.248552286592391258e-01
2.248552286592391258e-01
1.237734170706802916e-01
2.742453733419947803e-01
3.307702572497740467e-01
2.612789303849936129e-01
1.859812613726502528e-01
3.691516825454531636e-01
3.201695125680616427e-01
1.739227594265186638e-01
2.379826433266027663e-01
1.799324286525252337e-01
3.521852315483968709e-01
1.462727706809126837e-01
1.003422928666047043e-01
6.488224899901773313e-02
1.920655574261885823e-01
1.272314404555652534e-01
2.020853542058143326e-01
2.592780412273121282e-01
2.046462000256638047e-01
3.535381394624177442e-01
3.633453721428362981e-01
1.375571828062470692e-01
1.977435942082536591e-01
1.422109332722329422e-01
3.056764937109901492e-01
1.586550955510684924e-01
1.974141128449069804e-01
1.779923996893117699e-01
1.385004431101392597e-01
2.438373960093381532e-01
2.713019730216792436e-01
2.306668916205518172e-01
2.172973729414915123e-01
2.058092722688144860e-01
1.717886570165388926e-01
3.087841904549924466e-01
1.593374862079857401e-01
1.602879525870424260e-01
1.937528421719708349e-01
1.955365653358804023e-01
8.862970741665300578e-02
1.724190762250726316e-01
2.142806040842367976e-01
3.426286403935024372e-01
1.831596374240445912e-01
7.125789010499826437e-02
9.969141707123360674e-02
9.969141707123360674e-02
1.007738746125800972e-01
2.248552286592391258e-01
2.189884285853074541e-01
3.339693334953721671e-01
1.520910410798802237e-01
2.189884285853074541e-01
1.543569542016108576e-01
1.817323977200548391e-01
3.480949599168994268e-01
3.654296452464493306e-01
2.723397657321374732e-01
2.361519804229292308e-01
1.389696723812851864e-01
2.450801137578212940e-01
3.623885689753194028e-01
3.447122761355114196e-01
1.754135532014615140e-01
1.667896291104676576e-01
1.911595827642819379e-01
3.007384004515188947e-01
3.775214239336178168e-01
3.138031336304797914e-01
1.121860939339601876e-01
1.900210402799953624e-01
2.345846846890966286e-01
2.779393447625703728e-01
8.862970741665300578e-02
2.493808629261837218e-01
1.646948567659931029e-01
3.458435136284414568e-01
3.211845299486796312e-01
2.397993310911489817e-01
3.152519411148906880e-01
3.948282256898139608e-01
2.451686382735338843e-01
2.926197067937082452e-01
1.792073789794450533e-01
1.450811192948713024e-01
1.062249908053238129e-01
2.741662374657715673e-01
2.243721878679203752e-01
2.563320824542690834e-01
2.889632159458611071e-01
2.046462000256638047e-01
4.658274001831234912e-02
1.462727706809127115e-01
3.033248270531443969e-01
4.519246076015328573e-01
1.789650429943733523e-01
2.229167853445613579e-01
2.305727994723903440e-01
2.189884285853074541e-01
2.330999565788173244e-01
2.710619181393785770e-01
1.473075581093407152e-02
2.029425599801767122e-01
2.320736960324704945e-01
2.595289959960709325e-01
1.317558854127944823e-01
2.475468341413605833e-01
2.034764797662594604e-01
2.569239765549492516e-01
2.796516728017141018e-01
2.729764463572887379e-01
2.805039170273242455e-01
3.787265573329445800e-01
2.275413078745535667e-01
3.793562897806482814e-01
3.972937003052263161e-01
3.491530963439054003e-01
2.723397657321374732e-01
1.358108580884322125e-01
2.121433420739564368e-01
1.279118273413648865e-01
8.589432850826944632e-02
1.297644979980354663e-01
1.977435942082536591e-01
1.187631501749970980e-01
3.124170706111675799e-01
3.016749458269905593e-01
2.109123258277723623e-01
1.874919118664631901e-01
2.209613371640110624e-01
3.149075915406694959e-01
2.208631102922249123e-01
6.521583602563728321e-02
1.855139710327848579e-01
3.428185851408246942e-01
2.506826685155799650e-01
2.375263003499941961e-01
3.152519411148906880e-01
5.589928802197482310e-02
3.329281171389805172e-01
1.652210397575928635e-01
1.712826510366328436e-01
3.162827404032515499e-01
3.449010733798633099e-01
3.689752940592123109e-01
2.133672561255240407e-01
1.636374149708824943e-01
3.121391194257044366e-01
1.237734170706802916e-01
2.888129881135365618e-01
2.157942603198461928e-01
2.144830421115151708e-01
1.193100286629155682e-01
1.312608709435245657e-01
6.073646215366231005e-02
2.745616887566421083e-01
1.583813160622619676e-01
3.832828301625916256e-01
1.127648738402883960e-01
1.965327954401592525e-01
3.682688952733517707e-01
3.902399364918049951e-01
2.964507421787875852e-01
3.467208133149750626e-01
3.276061804669939126e-01
4.576028145944034398e-01
3.889031129120380514e-01
2.240818635869055164e-01
2.100876410435945363e-01
1.798117900679591652e-01
2.569239765549492516e-01
1.710290866473664628e-01
3.772914382747868944e-01
2.632646126306779077e-01
2.926197067937082452e-01
3.987656682849344270e-01
3.217245631672727701e-01
3.400859066233252181e-01
2.358761555512017549e-01
2.137736703149947515e-01
1.646948567659931029e-01
2.313244650341881037e-01
3.244112449950886656e-01
3.107456342554287820e-01
2.109123258277723623e-01
1.757842761649027474e-01
3.181979648125585758e-01
2.521499233810726159e-01
2.461403066540990558e-01
2.524939207079843206e-01
3.812392460080208378e-01
2.773922964568069638e-01
2.437483880136697978e-01
2.588592426318025441e-01
1.185802968715150424e-01
1.658764213061683090e-01
2.029425599801767122e-01
4.795986621822979218e-02
4.218246516555447523e-02
2.908345165271501997e-01
4.684750918271402553e-01
3.359129153752669905e-02
2.475468341413605833e-01
1.837510488352892268e-01
2.565859185446446311e-01
2.582717837132900707e-01
3.007384004515188947e-01
3.694454762111730184e-01
1.056103762493738468e-01
1.319204774637421362e-01
1.767690697312088721e-01
2.766873593668684461e-01
2.305727994723903440e-01
2.059146803537117709e-01
1.178460464874725722e-01
2.015477492251601943e-01
1.062249908053238129e-01
2.444595445591779548e-01
4.239285283060870713e-01
4.275473406299895029e-01
3.051791696265966913e-01
1.593374862079857401e-01
2.304786689114262932e-01
1.473075581093407083e-01
2.429458486146492402e-01
3.075872115481337321e-01
7.960062103672270462e-02
2.542922721886916038e-01
8.564132551831642182e-02
1.808946410140838679e-01
4.572232973700069425e-01
4.101927014303943797e-01
6.747265074571695553e-01
5.209358459078878845e-01
2.935082302155478939e-01
1.003422928666047043e-01
2.479847379581486544e-01
4.743669338513578637e-01
1.258596328199786674e-01
2.121433420739564646e-01
2.379826433266027663e-01
1.542163100227920691e-01
3.252129214522244682e-01
3.051791696265967468e-01
2.314182515634961579e-01
2.727378652952261451e-01
2.445482937160531334e-01
2.946151162186814304e-02
1.312608709435245657e-01
3.124865197774386316e-01
3.310325651873102237e-01
2.938038075615633793e-01
2.192854964522713557e-01
3.186749724159714803e-01
2.286828266168879908e-01
1.958692050410422159e-01
2.388018631101681277e-01
2.899377995421671961e-01
2.860195410615080647e-01
2.275413078745535667e-01
1.717886570165388649e-01
3.187430580854623274e-01
1.505134392999070703e-01
1.425157802099965287e-01
2.395277063132899287e-01
1.312608709435245657e-01
2.093633771360127738e-01
3.462197714154690020e-01
2.121433420739564368e-01
3.051791696265967468e-01
3.157333995797283466e-01
4.352433578846139905e-01
2.472837196285947725e-01
3.494016039172481713e-01
3.570803270819883912e-01
1.808946410140838679e-01
1.739227594265186638e-01
7.365377905467035413e-02
1.520910410798802237e-01
3.423752168082422886e-01
2.946151162186814165e-01
1.920655574261885823e-01
2.248552286592391258e-01
5.311249540266190644e-02
1.739227594265186638e-01
1.317558854127944858e-02
2.126541623224644795e-01
1.187631501749970842e-01
1.865637283839584326e-01
2.236941784114450937e-01
6.249730395548772771e-02
3.333189544292678996e-01
6.073646215366231005e-02
2.150892130106101807e-01
2.422302480952242265e-01
2.283029545496084167e-01
1.214729243073246201e-01
8.564132551831642182e-02
2.583557881987488258e-01
1.072415210557575993e-01
2.703404745228296102e-01
1.127648738402883960e-01
1.279118273413648588e-01
1.667896291104676576e-01
2.356920929749451443e-01
2.304786689114262932e-01
1.946467469970531994e-01
9.363014865500994544e-02
2.981295361171990566e-01
1.679564576876335091e-01
3.775214239336178168e-01
1.831596374240445912e-01
2.208631102922249123e-01
1.767690697312088721e-01
2.304786689114262932e-01
2.157942603198461928e-01
6.488224899901773313e-02
4.218246516555447523e-02
1.165499782894086622e-01
1.064290735886740807e-01
2.379826433266027386e-01
1.792073789794450533e-01
3.308358537317773185e-01
1.297644979980354663e-01
2.336578352145721460e-01
2.412428314487269354e-01
2.240818635869055164e-01
9.881691405959587560e-02
2.137736703149947515e-01
1.165499782894086622e-01
1.808946410140838679e-01
8.862970741665300578e-02
9.793460252052110793e-02
1.928547940365975266e-01
2.569239765549492516e-01
2.742453733419947803e-01
2.751932288406046534e-01
2.268727695334908645e-01
2.504228487858792263e-01
1.528027484815740467e-01
2.727378652952261451e-01
2.011166305513270580e-01
1.773817893144567781e-01
2.665412118184950496e-01
1.086486864707457561e-01
1.086486864707457561e-01
7.932754777553424619e-02
2.003599407338030047e-01
1.267187529150331504e-01
2.301017615964157659e-01
3.454040281835173976e-01
1.312608709435245657e-01
2.329137000915617317e-01
2.544628809111305068e-01
9.969141707123360674e-02
8.148651485305932751e-02
8.564132551831642182e-02
7.511241132992313441e-02
3.841311148523771091e-02
2.850315604199930575e-01
2.665412118184950496e-01
3.230706969259483641e-01
4.221331910007021793e-01
2.562474145469372799e-01
1.981820506095534062e-01
3.179250677084856092e-01
1.486274132732829656e-01
1.687298606622179009e-01
2.133672561255240407e-01
1.007738746125800972e-01
1.901352013238050698e-01
2.388018631101681277e-01
2.395277063132899287e-01
2.704207299719845192e-01
1.901352013238050698e-01
1.729217568142207284e-01
4.321914385410537962e-01
2.844981497338606724e-01
2.994368095371663374e-01
2.630172221804573662e-01
3.046098050082448050e-01
1.772594148333060116e-01
2.376176390576001107e-01
5.299797579680893822e-01
2.469324641677241583e-01
9.152056291888069350e-02
1.172923423445483143e-01
1.458270425628047096e-01
1.789650429943733523e-01
2.268727695334908645e-01
2.153916587372418368e-01
3.028236408759297227e-01
2.504228487858792263e-01
3.234063548834180124e-01
2.779393447625703728e-01
2.144830421115151708e-01
1.086486864707457561e-01
2.562474145469372799e-01
2.872308521079726673e-01
2.045401382408639224e-01
2.214518179832108413e-01
3.080102058505043150e-01
1.056103762493738468e-01
1.258596328199786674e-01
1.214729243073246201e-01
8.148651485305932751e-02
5.311249540266190644e-02
1.178460464874725722e-01
1.712826510366328436e-01
2.239850052017506032e-01
1.683436033208112192e-01
1.096427482261356778e-01
9.316548003662469823e-02
1.965327954401592525e-01
2.504228487858792263e-01
2.365192465552869994e-01
2.544628809111305068e-01
2.339362756333805138e-01
3.293897135319862057e-02
1.884155229331165859e-01
2.213538087648750374e-01
3.416773327536024030e-01
2.608633441025491329e-01
1.773817893144567781e-01
1.165499782894086622e-01
1.473075581093407083e-01
2.681644985167076500e-01
2.819699081486625736e-01
2.375263003499941683e-01
2.451686382735338843e-01
1.652210397575928635e-01
2.544628809111305068e-01
8.148651485305932751e-02
1.080478596352634491e-01
2.606136742312424315e-01
3.041820821597604474e-01
2.251445556869087206e-01
7.002921368119817414e-02
2.083243465182924373e-02
2.096740822940525717e-01
1.910460338485520104e-01
8.041427714957563588e-02
8.148651485305932751e-02
1.064290735886740807e-01
3.056764937109901492e-01
2.850315604199930575e-01
2.590268433244225510e-01
2.083243465182924303e-01
2.034764797662594604e-01
2.304786689114262932e-01
2.174970030919465280e-01
1.324130260749240839e-01
2.020853542058143326e-01
2.304786689114262932e-01
9.969141707123360674e-02
1.886457191373934472e-01
2.623563738442538651e-01
7.125789010499826437e-02
9.175735649167904295e-02
1.490647680585995283e-01
2.124499816106476258e-01
1.480422637049912116e-01
1.592012420734454092e-01
2.424093462698549140e-01
2.320736960324704945e-01
2.345846846890966286e-01
1.062249908053238129e-01
2.092597062323371393e-01
3.007384004515188947e-01
2.109123258277723900e-01
1.536524459409508436e-01
1.754135532014615140e-01
1.710290866473664628e-01
1.729217568142207284e-01
1.462727706809127115e-01
3.726619201464988207e-02
1.729217568142207284e-01
2.667853344877275656e-01
3.638228301308679136e-01
3.710279420655697713e-01
1.400584273623963483e-01
1.317558854127944823e-01
1.772594148333060116e-01
2.572615903360180867e-01
3.391274662770991100e-01
2.416023589678047145e-01
2.740078971479349423e-01
8.960368948972252667e-02
3.065271720544073819e-01
3.315565584953930611e-01
1.757842761649027474e-01
3.458435136284414568e-01
2.469324641677241583e-01
3.659043835372349784e-01
1.272314404555652534e-01
1.710290866473664628e-01
2.430351505285693048e-01
1.332298939468161969e-01
3.333189544292678996e-01
1.258596328199786674e-01
2.093633771360127738e-01
4.007198814676060650e-02
2.033698079477794796e-01
4.108798361325902704e-01
3.216571085983025435e-01
2.320736960324704945e-01
2.345846846890966286e-01
3.074460841208614958e-01
1.458270425628047096e-01
1.258596328199786674e-01
2.301017615964157936e-01
2.938038075615633793e-01
1.779923996893117699e-01
1.799324286525252337e-01
2.229167853445613579e-01
3.198304576041950398e-01
6.953478486179991425e-01
7.465165686550735424e-01
1.772594148333060116e-01
2.351390407626869072e-01
5.066180842067778967e-01
5.058894144754931821e-01
1.646948567659931029e-01
1.225400568789106470e-01
1.072415210557575854e-01
2.208631102922249123e-01
2.508557321665117468e-01
1.502248226598462688e-01
1.981820506095534062e-01
2.394370962452422313e-01
2.286828266168879908e-01
1.554775275633632770e-01
2.451686382735338843e-01
2.208631102922249123e-01
1.714092925704123471e-01
2.214518179832108413e-01
2.570084215782829085e-01
3.299820823633525801e-01
3.307702572497740467e-01
1.022700691204319612e-01
1.072415210557575993e-01
2.209613371640110624e-01
2.394370962452422313e-01
1.193100286629155682e-01
1.855139710327848579e-01
1.516624135265721984e-01
7.710815501139603456e-02
1.602879525870424260e-01
3.966377388776712309e-01
3.282017683991709234e-01
1.914998255421429263e-01
3.016749458269905593e-01
2.128581471773481615e-01
1.064290735886740807e-01
2.394370962452422313e-01
9.501052013999768120e-02
1.571434057714279631e-01
1.532281861916403864e-01
2.336578352145721460e-01
3.282017683991709234e-01
3.365582818018805211e-01
1.950921634765064860e-01
1.693716654161871171e-01
2.524939207079843762e-01
1.397482200549370612e-01
3.016749458269905593e-01
2.655624770133095391e-01
1.121860939339601876e-01
4.074325742652966653e-01
2.429458486146492402e-01
3.426286403935024372e-01
1.480422637049912116e-01
8.041427714957563588e-02
9.152056291888069350e-02
1.438795986546894112e-01
2.667853344877275656e-01
2.193844296837662855e-01
2.229167853445613579e-01
2.051756865510759587e-01
1.444816079729305536e-01
2.083243465182924303e-01
3.070929818059840999e-01
1.503692002257594473e-01
1.965327954401592525e-01
2.283029545496084167e-01
1.602879525870424260e-01
1.438795986546894112e-01
2.758233229198277514e-01
3.824326638732130634e-01
3.551303858045760098e-01
2.067560104373981078e-01
1.137229613533587425e-01
2.682454049896653703e-01
2.635941053912055909e-01
1.022700691204319612e-01
2.850315604199930575e-01
3.709109539049867954e-01
2.503361822843095386e-01
2.208631102922249123e-01
1.859812613726502528e-01
2.912073336479398811e-01
2.889632159458611071e-01
2.713819441282124822e-01
2.193844296837662855e-01
1.666594772146339498e-01
2.380738069550476510e-01
2.201742951720059294e-01
1.620383139202747624e-01
1.855139710327848579e-01
1.920655574261885823e-01
3.045385595845108151e-01
1.920655574261885823e-01
5.311249540266190644e-02
3.033248270531443969e-01
2.448143481487345674e-01
3.377168335303630808e-01
3.085732962764086151e-01
3.064563723832807729e-01
2.751932288406046534e-01
2.329137000915617595e-01
1.133406982168054938e-01
1.480422637049912116e-01
1.395928578945600518e-01
3.217245631672727701e-01
1.627065159877958966e-01
1.914998255421429263e-01
5.589928802197482310e-02
1.799324286525252337e-01
2.655624770133095391e-01
3.344887262407528206e-01
3.212520837468709201e-01
2.328205159709721417e-01
1.729217568142207284e-01
2.688917803966640041e-01
3.031101344507688422e-01
1.808946410140838679e-01
2.286828266168879908e-01
3.115824732057886348e-01
9.793460252052110793e-02
1.798117900679591652e-01
1.627065159877958966e-01
1.480422637049912116e-01
2.271595268877210916e-01
2.612789303849936129e-01
2.144830421115151986e-01
1.029046361344072430e-01
1.886457191373934472e-01
2.625217418870491315e-01
2.424093462698549140e-01
3.914059117253158582e-01
1.319204774637421362e-01
2.235971520878992924e-01
1.358108580884321848e-01
2.003599407338030047e-01
6.587794270639724115e-02
1.974141128449069804e-01
2.283979817980729132e-01
2.801168547247926965e-01
2.655624770133095391e-01
2.459639251863357523e-01
2.472837196285947725e-01
3.109550551267265539e-01
2.379826433266027663e-01
1.604232738037041361e-01
1.473075581093407083e-01
1.688584167651815404e-01
2.493808629261837218e-01
7.932754777553426007e-02
2.572615903360180867e-01
3.163513409333724713e-01
2.339362756333805138e-01
3.096964057081137423e-01
1.090473985866832057e-01
2.062305813530769527e-01
6.877859140312353459e-02
1.515192682247136491e-01
1.041621732591462152e-01
8.148651485305932751e-02
1.041621732591462152e-01
2.524939207079843762e-01
2.128581471773481615e-01
1.249946079109754554e-01
1.325768022984066263e-01
2.542069248890268529e-01
2.889632159458611071e-01
1.770144120695869294e-01
2.542922721886916038e-01
1.981820506095534062e-01
2.635117708255889646e-01
1.779923996893117699e-01
2.905359183821720204e-01
3.676201706367319688e-01
2.339362756333805138e-01
2.271595268877210916e-01
2.675163658505758102e-01
1.054047083302355886e-01
2.375263003499942030e-02
2.751932288406045979e-01
2.124499816106476258e-01
2.351390407626869072e-01
1.604232738037041361e-01
1.693716654161871171e-01
2.174970030919465280e-01
2.145841895078998418e-01
2.105003872981504043e-01
2.189884285853074541e-01
2.445482937160531334e-01
2.444595445591779548e-01
1.604232738037041361e-01
2.375263003499942030e-02
1.772594148333060116e-01
1.211151240476121133e-01
1.358108580884322125e-01
1.583813160622619676e-01
1.662684102449959456e-01
2.046462000256638047e-01
1.593374862079857401e-01
1.550582615572596856e-01
3.545188296666120231e-01
2.994368095371663374e-01
2.051756865510759587e-01
2.569239765549492516e-01
3.954871884165073181e-01
3.793562897806482814e-01
1.884155229331165859e-01
2.365192465552869994e-01
4.007198814676060650e-02
2.375263003499941961e-01
1.458270425628047096e-01
1.505134392999070703e-01
1.187631501749970980e-01
2.067560104373981078e-01
1.773817893144567781e-01
2.418716538969888918e-01
2.145841895078998418e-01
9.152056291888069350e-02
1.594736139442269052e-01
2.819699081486625736e-01
3.051791696265966913e-01
2.870041207066811872e-01
9.969141707123360674e-02
1.253413342577899825e-01
1.389696723812852142e-01
1.652210397575928635e-01
2.688110684691675800e-01
2.476344768540167662e-01
2.535231121509776142e-01
3.800420805599907248e-01
3.262122465202292321e-01
3.866648030252850532e-01
1.914998255421429263e-01
2.701798921062116277e-01
2.160957192705268981e-01
2.283029545496084167e-01
2.521499233810726159e-01
3.017468673790499878e-01
2.742453733419947803e-01
2.189884285853074541e-01
1.798117900679591652e-01
3.400859066233252181e-01
3.036823107683115364e-01
2.336578352145721460e-01
3.041820821597604474e-01
2.180947971733664115e-01
3.168311287481215821e-01
1.230701533270495279e-01
1.974141128449069804e-01
2.109123258277723623e-01
2.480722259615613101e-01
2.372520732425721646e-01
2.779393447625704283e-01
2.007926840904870891e-01
5.589928802197482310e-02
1.724190762250726316e-01
2.033698079477794796e-01
2.248552286592391258e-01
1.822093864609869440e-01
3.070929818059840999e-01
2.517192656399573347e-01
2.394370962452422313e-01
1.502248226598462688e-01
1.024820280402871653e-01
2.153916587372418368e-01
2.356920929749451443e-01
1.938648056844483603e-01
1.446317187749487643e-01
1.779923996893117699e-01
2.801168547247926965e-01
3.016749458269905593e-01
2.083243465182924303e-01
7.710815501139603456e-02
1.910460338485520104e-01
1.317558854127944823e-01
2.844981497338606724e-01
3.362357534270748460e-01
3.800420805599907248e-01
1.717886570165388926e-01
2.157942603198461928e-01
1.072415210557575993e-01
1.856309038972369374e-01
2.144830421115151986e-01
2.469324641677241583e-01
4.084963686980483955e-01
1.965327954401592525e-01
2.910582641046943753e-01
3.230706969259483086e-01
2.046462000256638047e-01
2.562474145469372799e-01
