1.547338298352576930e+04
3.238376388854235120e+04
3.239200487309246091e+04
3.239200753431003977e+04
3.239201658565593243e+04
3.239199032136951064e+04
3.239199617764971481e+04
3.239199014341157817e+04
3.239201072937405479e+04
3.239200505105030970e+04
3.239200806817147895e+04
3.239201694157283782e+04
3.239201090733053206e+04
3.239201090733053206e+04
3.239201694157283782e+04
3.239200806817147895e+04
3.239199617764971481e+04
3.239199901681115080e+04
3.239202545905495572e+04
3.239201960277334729e+04
3.239199316053011717e+04
3.239200221189208605e+04
3.239199635561297328e+04
3.239200221189208605e+04
3.239201392445115562e+04
3.239201960277334729e+04
3.239198712629409783e+04
3.239200806817147895e+04
3.239201392445115562e+04
3.239198730424936730e+04
3.239200203393019910e+04
3.239199316053011717e+04
3.239202563701135659e+04
3.239201676361103455e+04
3.239199901681115080e+04
3.239198694834552953e+04
3.239202847617288717e+04
3.239201356853957623e+04
3.239201356853957623e+04
3.239200203393019910e+04
3.239199617764971481e+04
3.239198446508958295e+04
3.239200221189208605e+04
3.239201090733053206e+04
3.239200505105030970e+04
3.239198428713028625e+04
3.239201676361103455e+04
3.239202545905495572e+04
3.239202545905495572e+04
3.239200487309246091e+04
3.239201072937405479e+04
3.239200203393019910e+04
3.239199617764971481e+04
3.239199316053011717e+04
3.239199298257622286e+04
3.239199919477037110e+04
3.239201676361103455e+04
3.239204622297271271e+04
3.239203149329187363e+04
3.239201676361103455e+04
3.239201676361103455e+04
3.239201374649201534e+04
3.239199280462902607e+04
3.239200771225715289e+04
3.239199298257622286e+04
3.239198428713028625e+04
3.239200487309246091e+04
3.239202545905495572e+04
3.239200789021096716e+04
3.239199316053011717e+04
3.239201374649201534e+04
3.239199599969315750e+04
3.239200185597501695e+04
3.239199919477037110e+04
3.239200185597501695e+04
3.239201658565593243e+04
3.239201108529370686e+04
3.239201711954133862e+04
3.239200505105030970e+04
3.239201978073111241e+04
3.239202847617288717e+04
3.239201374649201534e+04
3.239201108529370686e+04
3.239200806817147895e+04
3.239200487309246091e+04
3.239199635561297328e+04
3.239200203393019910e+04
3.239199599969315750e+04
3.239200487309246091e+04
3.239199901681115080e+04
3.239201374649201534e+04
3.239199919477037110e+04
3.239199316053011717e+04
3.239199599969315750e+04
3.239199599969315750e+04
3.239197843084926717e+04
3.239199032136951064e+04
3.239200203393019910e+04
3.239199298257622286e+04
3.239200185597501695e+04
3.239198428713028625e+04
3.239200487309246091e+04
3.239198996546034687e+04
3.239198410917767978e+04
3.239201676361103455e+04
3.239202279785224891e+04
3.239200789021096716e+04
3.239201978073111241e+04
3.239202279785224891e+04
3.239201392445115562e+04
3.239198410917767978e+04
3.239201658565593243e+04
3.239200203393019910e+04
3.239201072937405479e+04
3.239200487309246091e+04
3.239197860880993903e+04
3.239199937273628893e+04
3.239201942482227605e+04
3.239200789021096716e+04
3.239199617764971481e+04
3.239199333849071263e+04
3.239201090733053206e+04
3.239200735636962418e+04
3.239201072937405479e+04
3.239201960277334729e+04
3.239199901681115080e+04
3.239199901681115080e+04
3.239199599969315750e+04
3.239198712629409783e+04
3.239201374649201534e+04
3.239202261989182080e+04
3.239199617764971481e+04
3.239197825289529283e+04
3.239201090733053206e+04
3.239199919477037110e+04
3.239201374649201534e+04
3.239198730424936730e+04
3.239199635561297328e+04
3.239199298257622286e+04
3.239201676361103455e+04
3.239200505105030970e+04
3.239198144796889756e+04
3.239198748221133064e+04
3.239199333849071263e+04
3.239201374649201534e+04
3.239200771225715289e+04
3.239200487309246091e+04
3.239199014341157817e+04
3.239199901681115080e+04
3.239199333849071263e+04
3.239202226399105712e+04
3.239199883885862801e+04
3.239199333849071263e+04
3.239200487309246091e+04
3.239201392445115562e+04
3.239198996546034687e+04
3.239199316053011717e+04
3.239200203393019910e+04
3.239200203393019910e+04
3.239201072937405479e+04
3.239199582174329771e+04
3.239198996546034687e+04
3.239199599969315750e+04
3.239199599969315750e+04
3.239200487309246091e+04
3.239199599969315750e+04
3.239199014341157817e+04
3.239199014341157817e+04
3.239200789021096716e+04
3.239199014341157817e+04
3.239198410917767978e+04
3.239200789021096716e+04
3.239202847617288717e+04
3.239202261989182080e+04
3.239201374649201534e+04
3.239200789021096716e+04
3.239200789021096716e+04
3.239200789021096716e+04
3.239201960277334729e+04
3.239198712629409783e+04
3.239199883885862801e+04
3.239200789021096716e+04
3.239200203393019910e+04
3.239202261989182080e+04
3.239201392445115562e+04
3.239200789021096716e+04
3.239200203393019910e+04
3.239199316053011717e+04
3.239199599969315750e+04
3.239200753431003977e+04
3.239199298257622286e+04
3.239199014341157817e+04
3.239200487309246091e+04
3.239201374649201534e+04
3.239197843084926717e+04
3.239201374649201534e+04
3.239200203393019910e+04
3.239196991337487998e+04
3.239200806817147895e+04
3.239199032136951064e+04
3.239200185597501695e+04
3.239200789021096716e+04
3.239201960277334729e+04
3.239199919477037110e+04
3.239199901681115080e+04
3.239201374649201534e+04
3.239200487309246091e+04
3.239202883209770152e+04
3.239202563701135659e+04
3.239201676361103455e+04
3.239199617764971481e+04
3.239201374649201534e+04
3.239199298257622286e+04
3.239200487309246091e+04
3.239198730424936730e+04
3.239199617764971481e+04
3.239201658565593243e+04
3.239201392445115562e+04
3.239200487309246091e+04
3.239201658565593243e+04
3.239199617764971481e+04
3.239199333849071263e+04
3.239201374649201534e+04
3.239201676361103455e+04
3.239198712629409783e+04
3.239198694834552953e+04
3.239199014341157817e+04
3.239199298257622286e+04
3.239199298257622286e+04
3.239198712629409783e+04
3.239201072937405479e+04
3.239201090733053206e+04
3.239203149329187363e+04
3.239201374649201534e+04
3.239202244193808656e+04
3.239199316053011717e+04
3.239201960277334729e+04
3.239201694157283782e+04
3.239199617764971481e+04
3.239201374649201534e+04
3.239199635561297328e+04
3.239201694157283782e+04
3.239201960277334729e+04
3.239201978073111241e+04
3.239201392445115562e+04
3.239198730424936730e+04
3.239200487309246091e+04
3.239201356853957623e+04
3.239198127001226021e+04
3.239199901681115080e+04
3.239199599969315750e+04
3.239201090733053206e+04
3.239199919477037110e+04
3.239198730424936730e+04
3.239198446508958295e+04
3.239200789021096716e+04
3.239201658565593243e+04
3.239200487309246091e+04
3.239200487309246091e+04
3.239201392445115562e+04
3.239201392445115562e+04
3.239199298257622286e+04
3.239201392445115562e+04
3.239199883885862801e+04
3.239201374649201534e+04
3.239199333849071263e+04
3.239199919477037110e+04
3.239202563701135659e+04
3.239198730424936730e+04
3.239198428713028625e+04
3.239199014341157817e+04
3.239200221189208605e+04
3.239199653358292198e+04
3.239200203393019910e+04
3.239200505105030970e+04
3.239199032136951064e+04
3.239201055142428231e+04
3.239199901681115080e+04
3.239201640770752783e+04
3.239203734957267443e+04
3.239200221189208605e+04
3.239199901681115080e+04
3.239200203393019910e+04
3.239199599969315750e+04
3.239200505105030970e+04
3.239203113738852335e+04
3.239198712629409783e+04
3.239199919477037110e+04
3.239200185597501695e+04
3.239200487309246091e+04
3.239202528110526328e+04
3.239200203393019910e+04
3.239202865413194741e+04
3.239199617764971481e+04
3.239197559168870794e+04
3.239199599969315750e+04
3.239199316053011717e+04
3.239199901681115080e+04
3.239201374649201534e+04
3.239201090733053206e+04
3.239201356853957623e+04
3.239201339059383099e+04
3.239200185597501695e+04
3.239200789021096716e+04
3.239199617764971481e+04
3.239198446508958295e+04
3.239198410917767978e+04
3.239200469514131328e+04
3.239199901681115080e+04
3.239201658565593243e+04
3.239199014341157817e+04
3.239200203393019910e+04
3.239198144796889756e+04
3.239197860880993903e+04
3.239198109206231675e+04
3.239199280462902607e+04
3.239201072937405479e+04
3.239199919477037110e+04
3.239200505105030970e+04
3.239198446508958295e+04
3.239200789021096716e+04
3.239200487309246091e+04
3.239199919477037110e+04
3.239199351645800198e+04
3.239199599969315750e+04
3.239198144796889756e+04
3.239197541373069544e+04
3.239200203393019910e+04
3.239199617764971481e+04
3.239200203393019910e+04
3.239201676361103455e+04
3.239200789021096716e+04
3.239200505105030970e+04
3.239202545905495572e+04
3.239203131533685155e+04
3.239199901681115080e+04
3.239199635561297328e+04
3.239197559168870794e+04
3.239199032136951064e+04
3.239199937273628893e+04
3.239200203393019910e+04
3.239200789021096716e+04
3.239199617764971481e+04
3.239199316053011717e+04
3.239201658565593243e+04
3.239201072937405479e+04
3.239199617764971481e+04
3.239200789021096716e+04
3.239201374649201534e+04
3.239199333849071263e+04
3.239200167802652868e+04
3.239198410917767978e+04
3.239196955744941806e+04
3.239199316053011717e+04
3.239197559168870794e+04
3.239198428713028625e+04
3.239201072937405479e+04
3.239201090733053206e+04
3.239200789021096716e+04
3.239200789021096716e+04
3.239200789021096716e+04
3.239200789021096716e+04
3.239199014341157817e+04
3.239199032136951064e+04
3.239201356853957623e+04
3.239201676361103455e+04
3.239198446508958295e+04
3.239199316053011717e+04
3.239201392445115562e+04
3.239199635561297328e+04
3.239199937273628893e+04
3.239199316053011717e+04
3.239201374649201534e+04
3.239201374649201534e+04
3.239200789021096716e+04
3.239199014341157817e+04
3.239200221189208605e+04
3.239201090733053206e+04
3.239199617764971481e+04
3.239197576965341432e+04
3.239198162593223242e+04
3.239199599969315750e+04
3.239202244193808656e+04
3.239201694157283782e+04
3.239200789021096716e+04
3.239201374649201534e+04
3.239199014341157817e+04
3.239202244193808656e+04
3.239202545905495572e+04
3.239202563701135659e+04
3.239199014341157817e+04
3.239201392445115562e+04
3.239201676361103455e+04
3.239199919477037110e+04
3.239201090733053206e+04
3.239201392445115562e+04
3.239199599969315750e+04
3.239198446508958295e+04
3.239199919477037110e+04
3.239200487309246091e+04
3.239199599969315750e+04
3.239200806817147895e+04
3.239203167125359687e+04
3.239202847617288717e+04
3.239202279785224891e+04
3.239200789021096716e+04
3.239201392445115562e+04
3.239200789021096716e+04
3.239201392445115562e+04
3.239200185597501695e+04
3.239201072937405479e+04
3.239201960277334729e+04
3.239201392445115562e+04
3.239200185597501695e+04
3.239200203393019910e+04
3.239201108529370686e+04
3.239202279785224891e+04
3.239201392445115562e+04
3.239201374649201534e+04
3.239199032136951064e+04
3.239199032136951064e+04
3.239200487309246091e+04
3.239199599969315750e+04
3.239201072937405479e+04
3.239201374649201534e+04
3.239201960277334729e+04
3.239200771225715289e+04
3.239201072937405479e+04
3.239199919477037110e+04
3.239199901681115080e+04
3.239201392445115562e+04
3.239199333849071263e+04
3.239197843084926717e+04
3.239200487309246091e+04
3.239200771225715289e+04
3.239200771225715289e+04
3.239202261989182080e+04
3.239200221189208605e+04
3.239197843084926717e+04
3.239199014341157817e+04
3.239202528110526328e+04
3.239199901681115080e+04
3.239201978073111241e+04
3.239200505105030970e+04
3.239199014341157817e+04
3.239201676361103455e+04
3.239199316053011717e+04
3.239200487309246091e+04
3.239201694157283782e+04
3.239200203393019910e+04
3.239200505105030970e+04
3.239198446508958295e+04
3.239197559168870794e+04
3.239199617764971481e+04
3.239202581497444407e+04
3.239201090733053206e+04
3.239200203393019910e+04
3.239199617764971481e+04
3.239203167125359687e+04
3.239203433245423366e+04
3.239201072937405479e+04
3.239202279785224891e+04
3.239201676361103455e+04
3.239200806817147895e+04
3.239198748221133064e+04
3.239201392445115562e+04
3.239201658565593243e+04
3.239201090733053206e+04
3.239199617764971481e+04
3.239200771225715289e+04
3.239200789021096716e+04
3.239201676361103455e+04
3.239202563701135659e+04
3.239201676361103455e+04
3.239201374649201534e+04
3.239199919477037110e+04
3.239200185597501695e+04
3.239198996546034687e+04
3.239197825289529283e+04
3.239198144796889756e+04
3.239199049933413698e+04
3.239200203393019910e+04
3.239201090733053206e+04
3.239200487309246091e+04
3.239199333849071263e+04
3.239200505105030970e+04
3.239201374649201534e+04
3.239201339059383099e+04
3.239198712629409783e+04
3.239198712629409783e+04
3.239202261989182080e+04
3.239198730424936730e+04
3.239199333849071263e+04
3.239199919477037110e+04
3.239198748221133064e+04
3.239201392445115562e+04
3.239201960277334729e+04
3.239199617764971481e+04
3.239201978073111241e+04
3.239201960277334729e+04
3.239199883885862801e+04
3.239199014341157817e+04
3.239200487309246091e+04
3.239199919477037110e+04
3.239199617764971481e+04
3.239199351645800198e+04
3.239198712629409783e+04
3.239200469514131328e+04
3.239201658565593243e+04
3.239199901681115080e+04
3.239199298257622286e+04
3.239199901681115080e+04
3.239199599969315750e+04
3.239201960277334729e+04
3.239203451041191875e+04
3.239199316053011717e+04
3.239201090733053206e+04
3.239199901681115080e+04
3.239199599969315750e+04
3.239202261989182080e+04
3.239202847617288717e+04
3.239201108529370686e+04
3.239199599969315750e+04
3.239200505105030970e+04
3.239199014341157817e+04
3.239199014341157817e+04
3.239200487309246091e+04
3.239200789021096716e+04
3.239200487309246091e+04
3.239201676361103455e+04
3.239201676361103455e+04
3.239200203393019910e+04
3.239200203393019910e+04
3.239198712629409783e+04
3.239199032136951064e+04
3.239201072937405479e+04
3.239201090733053206e+04
3.239202528110526328e+04
3.239200487309246091e+04
3.239199919477037110e+04
3.239201978073111241e+04
3.239201108529370686e+04
3.239199333849071263e+04
3.239200789021096716e+04
3.239201374649201534e+04
3.239200221189208605e+04
3.239199032136951064e+04
3.239200185597501695e+04
3.239200203393019910e+04
3.239202244193808656e+04
3.239201072937405479e+04
3.239201960277334729e+04
3.239199316053011717e+04
3.239200203393019910e+04
3.239198730424936730e+04
3.239198446508958295e+04
3.239198446508958295e+04
3.239198730424936730e+04
3.239199333849071263e+04
3.239203451041191875e+04
3.239200789021096716e+04
3.239201072937405479e+04
3.239201374649201534e+04
3.239201090733053206e+04
3.239198712629409783e+04
3.239198428713028625e+04
3.239200203393019910e+04
3.239199883885862801e+04
3.239199883885862801e+04
3.239200789021096716e+04
3.239200185597501695e+04
3.239201392445115562e+04
3.239199032136951064e+04
3.239201356853957623e+04
3.239201676361103455e+04
3.239199937273628893e+04
3.239199049933413698e+04
3.239201108529370686e+04
3.239201090733053206e+04
3.239201978073111241e+04
3.239201374649201534e+04
3.239200806817147895e+04
3.239201374649201534e+04
3.239202865413194741e+04
3.239203149329187363e+04
3.239200487309246091e+04
3.239198748221133064e+04
3.239199617764971481e+04
3.239199901681115080e+04
3.239199333849071263e+04
3.239199351645800198e+04
3.239199032136951064e+04
3.239201108529370686e+04
3.239200806817147895e+04
3.239200185597501695e+04
3.239200185597501695e+04
3.239197843084926717e+04
3.239200203393019910e+04
3.239200505105030970e+04
3.239203167125359687e+04
3.239200505105030970e+04
3.239199635561297328e+04
3.239201090733053206e+04
3.239200505105030970e+04
3.239201090733053206e+04
3.239202261989182080e+04
3.239202847617288717e+04
3.239202563701135659e+04
3.239201090733053206e+04
3.239201072937405479e+04
3.239199316053011717e+04
3.239200221189208605e+04
3.239198428713028625e+04
3.239200505105030970e+04
3.239200221189208605e+04
3.239200487309246091e+04
3.239199599969315750e+04
3.239199032136951064e+04
3.239201090733053206e+04
3.239199901681115080e+04
3.239197860880993903e+04
3.239201374649201534e+04
3.239199049933413698e+04
3.239199919477037110e+04
3.239202847617288717e+04
3.239201676361103455e+04
3.239200522901485601e+04
3.239200185597501695e+04
3.239201090733053206e+04
3.239201072937405479e+04
3.239199901681115080e+04
3.239201676361103455e+04
3.239199617764971481e+04
3.239201960277334729e+04
3.239199617764971481e+04
3.239196671828807666e+04
3.239198996546034687e+04
3.239201392445115562e+04
3.239201960277334729e+04
3.239201658565593243e+04
3.239198144796889756e+04
3.239201960277334729e+04
3.239203149329187363e+04
3.239198712629409783e+04
3.239198730424936730e+04
3.239201676361103455e+04
3.239199937273628893e+04
3.239201090733053206e+04
3.239201090733053206e+04
3.239201090733053206e+04
3.239199333849071263e+04
3.239199883885862801e+04
3.239199014341157817e+04
3.239198127001226021e+04
3.239199617764971481e+04
3.239200487309246091e+04
3.239200789021096716e+04
3.239201090733053206e+04
3.239200185597501695e+04
3.239200505105030970e+04
3.239200203393019910e+04
3.239201108529370686e+04
3.239198996546034687e+04
3.239200203393019910e+04
3.239198730424936730e+04
3.239200221189208605e+04
3.239199032136951064e+04
3.239198730424936730e+04
3.239200505105030970e+04
3.239202279785224891e+04
3.239201392445115562e+04
3.239202847617288717e+04
3.239200789021096716e+04
3.239198446508958295e+04
3.239197843084926717e+04
3.239198996546034687e+04
3.239201658565593243e+04
3.239199617764971481e+04
3.239197559168870794e+04
3.239198410917767978e+04
3.239200522901485601e+04
3.239200203393019910e+04
3.239199032136951064e+04
3.239199014341157817e+04
3.239200505105030970e+04
3.239202563701135659e+04
3.239200203393019910e+04
3.239199316053011717e+04
3.239200505105030970e+04
3.239199901681115080e+04
3.239199599969315750e+04
3.239199014341157817e+04
3.239201055142428231e+04
3.239200185597501695e+04
3.239200451719686316e+04
3.239200789021096716e+04
3.239199014341157817e+04
3.239201694157283782e+04
3.239200203393019910e+04
3.239198712629409783e+04
3.239200203393019910e+04
3.239199316053011717e+04
3.239202279785224891e+04
3.239202545905495572e+04
3.239201960277334729e+04
3.239200789021096716e+04
3.239199883885862801e+04
3.239199617764971481e+04
3.239199599969315750e+04
3.239200167802652868e+04
3.239202244193808656e+04
3.239199316053011717e+04
3.239198748221133064e+04
3.239198730424936730e+04
3.239200487309246091e+04
3.239200203393019910e+04
3.239199919477037110e+04
3.239200505105030970e+04
3.239200505105030970e+04
3.239199901681115080e+04
3.239201090733053206e+04
3.239199919477037110e+04
3.239199617764971481e+04
3.239199617764971481e+04
3.239201978073111241e+04
3.239201978073111241e+04
3.239200505105030970e+04
3.239202279785224891e+04
3.239199635561297328e+04
3.239200221189208605e+04
3.239200806817147895e+04
3.239201090733053206e+04
3.239199599969315750e+04
3.239200806817147895e+04
3.239201410241699341e+04
3.239200487309246091e+04
3.239200203393019910e+04
3.239199901681115080e+04
3.239201978073111241e+04
3.239202261989182080e+04
3.239199617764971481e+04
3.239198996546034687e+04
3.239201072937405479e+04
3.239201072937405479e+04
3.239201640770752783e+04
3.239201374649201534e+04
3.239200789021096716e+04
3.239198748221133064e+04
3.239199333849071263e+04
3.239201090733053206e+04
3.239200789021096716e+04
3.239198730424936730e+04
3.239200789021096716e+04
3.239201960277334729e+04
3.239201658565593243e+04
3.239200203393019910e+04
3.239200487309246091e+04
3.239201374649201534e+04
3.239199617764971481e+04
3.239199014341157817e+04
3.239199014341157817e+04
3.239199014341157817e+04
3.239201676361103455e+04
3.239202847617288717e+04
3.239203433245423366e+04
3.239199316053011717e+04
3.239201090733053206e+04
3.239202865413194741e+04
3.239199883885862801e+04
3.239201072937405479e+04
3.239200167802652868e+04
3.239198127001226021e+04
3.239200771225715289e+04
3.239202244193808656e+04
3.239201072937405479e+04
3.239198730424936730e+04
3.239200505105030970e+04
3.239199599969315750e+04
3.239199599969315750e+04
3.239199333849071263e+04
3.239201090733053206e+04
3.239201055142428231e+04
3.239201694157283782e+04
3.239201410241699341e+04
3.239200487309246091e+04
3.239201676361103455e+04
3.239203149329187363e+04
3.239200505105030970e+04
3.239200221189208605e+04
3.239200221189208605e+04
3.239200789021096716e+04
3.239199635561297328e+04
3.239201392445115562e+04
3.239200185597501695e+04
3.239201960277334729e+04
3.239200771225715289e+04
3.239201960277334729e+04
3.239200203393019910e+04
3.239199049933413698e+04
3.239199032136951064e+04
3.239200789021096716e+04
3.239199599969315750e+04
3.239199032136951064e+04
3.239199617764971481e+04
3.239200167802652868e+04
3.239200469514131328e+04
3.239199901681115080e+04
3.239198730424936730e+04
3.239199014341157817e+04
3.239198712629409783e+04
3.239199316053011717e+04
3.239203167125359687e+04
3.239201090733053206e+04
3.239202261989182080e+04
3.239202261989182080e+04
3.239201676361103455e+04
3.239198996546034687e+04
3.239199599969315750e+04
3.239200185597501695e+04
3.239200185597501695e+04
3.239201072937405479e+04
3.239196671828807666e+04
3.239199635561297328e+04
3.239203131533685155e+04
3.239200487309246091e+04
3.239199014341157817e+04
3.239199333849071263e+04
3.239200505105030970e+04
3.239200735636962418e+04
3.239200771225715289e+04
3.239201658565593243e+04
3.239200789021096716e+04
3.239199316053011717e+04
3.239200806817147895e+04
3.239198996546034687e+04
3.239201960277334729e+04
3.239202545905495572e+04
3.239200203393019910e+04
3.239199582174329771e+04
3.239199599969315750e+04
3.239200789021096716e+04
3.239199617764971481e+04
3.239199617764971481e+04
3.239200221189208605e+04
3.239200185597501695e+04
3.239202563701135659e+04
3.239202563701135659e+04
3.239199316053011717e+04
3.239197559168870794e+04
3.239199316053011717e+04
3.239200771225715289e+04
3.239199883885862801e+04
3.239199599969315750e+04
3.239199316053011717e+04
3.239199032136951064e+04
3.239200505105030970e+04
3.239201960277334729e+04
3.239201640770752783e+04
3.239199617764971481e+04
3.239200203393019910e+04
3.239201374649201534e+04
3.239198127001226021e+04
3.239199014341157817e+04
3.239199333849071263e+04
3.239200789021096716e+04
3.239201090733053206e+04
3.239201339059383099e+04
3.239198694834552953e+04
3.239202244193808656e+04
3.239200185597501695e+04
3.239201356853957623e+04
3.239201374649201534e+04
3.239198127001226021e+04
3.239198428713028625e+04
3.239199032136951064e+04
3.239199617764971481e+04
3.239198127001226021e+04
3.239199298257622286e+04
3.239202847617288717e+04
3.239202244193808656e+04
3.239202279785224891e+04
3.239200487309246091e+04
3.239200185597501695e+04
3.239199316053011717e+04
3.239200203393019910e+04
3.239199014341157817e+04
3.239200185597501695e+04
3.239200203393019910e+04
3.239200203393019910e+04
3.239202563701135659e+04
3.239202279785224891e+04
3.239200789021096716e+04
3.239200203393019910e+04
3.239199599969315750e+04
3.239198712629409783e+04
3.239200753431003977e+04
3.239198428713028625e+04
3.239198428713028625e+04
3.239199901681115080e+04
3.239201960277334729e+04
3.239198712629409783e+04
3.239200487309246091e+04
3.239201072937405479e+04
3.239198730424936730e+04
3.239200505105030970e+04
3.239199919477037110e+04
3.239200185597501695e+04
3.239201374649201534e+04
3.239203149329187363e+04
3.239201392445115562e+04
3.239200789021096716e+04
3.239201960277334729e+04
3.239201374649201534e+04
3.239202279785224891e+04
3.239202563701135659e+04
3.239201392445115562e+04
3.239199901681115080e+04
3.239200806817147895e+04
3.239199014341157817e+04
3.239202261989182080e+04
3.239199901681115080e+04
3.239199901681115080e+04
3.239200771225715289e+04
3.239201392445115562e+04
3.239199316053011717e+04
3.239201356853957623e+04
3.239200789021096716e+04
3.239198162593223242e+04
3.239201090733053206e+04
3.239200771225715289e+04
3.239199014341157817e+04
3.239199280462902607e+04
3.239199298257622286e+04
3.239199582174329771e+04
3.239200167802652868e+04
3.239198996546034687e+04
3.239200469514131328e+04
3.239201694157283782e+04
3.239201978073111241e+04
3.239202563701135659e+04
3.239202244193808656e+04
3.239199901681115080e+04
3.239201658565593243e+04
3.239201374649201534e+04
3.239199617764971481e+04
3.239201374649201534e+04
3.239198730424936730e+04
3.239201392445115562e+04
3.239200203393019910e+04
3.239201374649201534e+04
3.239201694157283782e+04
3.239198446508958295e+04
3.239199333849071263e+04
3.239201356853957623e+04
3.239200771225715289e+04
3.239201960277334729e+04
3.239200771225715289e+04
3.239200789021096716e+04
3.239199919477037110e+04
3.239198127001226021e+04
3.239197559168870794e+04
3.239201978073111241e+04
3.239201108529370686e+04
3.239199901681115080e+04
3.239199599969315750e+04
3.239201978073111241e+04
3.239201410241699341e+04
3.239199883885862801e+04
3.239201676361103455e+04
3.239199014341157817e+04
3.239201960277334729e+04
3.239200505105030970e+04
3.239198730424936730e+04
3.239200806817147895e+04
3.239199032136951064e+04
3.239197541373069544e+04
3.239199599969315750e+04
3.239200789021096716e+04
3.239200824613868826e+04
3.239199901681115080e+04
3.239200789021096716e+04
3.239199333849071263e+04
3.239201640770752783e+04
3.239199014341157817e+04
3.239200487309246091e+04
3.239202244193808656e+04
3.239201392445115562e+04
3.239199298257622286e+04
3.239199316053011717e+04
3.239199014341157817e+04
3.239199919477037110e+04
3.239202226399105712e+04
3.239199599969315750e+04
3.239199316053011717e+04
3.239198730424936730e+04
3.239199883885862801e+04
3.239200771225715289e+04
3.239199901681115080e+04
3.239202279785224891e+04
3.239201090733053206e+04
3.239199333849071263e+04
3.239199298257622286e+04
3.239198410917767978e+04
3.239199883885862801e+04
3.239201374649201534e+04
3.239201392445115562e+04
3.239201072937405479e+04
3.239200185597501695e+04
3.239200185597501695e+04
3.239200203393019910e+04
3.239199901681115080e+04
3.239199032136951064e+04
3.239198694834552953e+04
3.239200469514131328e+04
3.239199919477037110e+04
3.239202847617288717e+04
3.239199014341157817e+04
3.239201090733053206e+04
3.239199032136951064e+04
3.239198446508958295e+04
3.239198410917767978e+04
3.239198978751581672e+04
3.239200487309246091e+04
3.239198712629409783e+04
3.239198730424936730e+04
3.239198162593223242e+04
3.239199617764971481e+04
3.239199901681115080e+04
3.239201392445115562e+04
3.239198766017999515e+04
3.239200789021096716e+04
3.239198144796889756e+04
3.239197825289529283e+04
3.239199014341157817e+04
3.239201090733053206e+04
3.239200203393019910e+04
3.239201072937405479e+04
3.239201392445115562e+04
3.239200505105030970e+04
3.239203451041191875e+04
3.239203149329187363e+04
3.239200203393019910e+04
3.239200221189208605e+04
3.239198730424936730e+04
3.239199032136951064e+04
3.239199333849071263e+04
3.239199333849071263e+04
3.239200487309246091e+04
3.239200789021096716e+04
3.239199635561297328e+04
3.239200487309246091e+04
3.239201072937405479e+04
3.239199032136951064e+04
3.239200203393019910e+04
3.239201374649201534e+04
3.239200505105030970e+04
3.239199280462902607e+04
3.239197825289529283e+04
3.239197541373069544e+04
3.239198144796889756e+04
3.239197257456853185e+04
3.239197843084926717e+04
3.239201090733053206e+04
3.239201090733053206e+04
3.239203149329187363e+04
3.239201658565593243e+04
3.239200771225715289e+04
3.239199901681115080e+04
3.239198144796889756e+04
3.239198446508958295e+04
3.239200469514131328e+04
3.239200505105030970e+04
3.239198748221133064e+04
3.239199919477037110e+04
3.239201676361103455e+04
3.239201392445115562e+04
3.239200221189208605e+04
3.239199316053011717e+04
3.239201072937405479e+04
3.239201960277334729e+04
3.239199883885862801e+04
3.239199298257622286e+04
3.239199316053011717e+04
3.239201694157283782e+04
3.239200806817147895e+04
3.239198446508958295e+04
3.239198464305558446e+04
3.239200487309246091e+04
3.239202244193808656e+04
3.239200221189208605e+04
3.239201374649201534e+04
3.239201960277334729e+04
3.239199316053011717e+04
3.239201658565593243e+04
3.239203149329187363e+04
3.239201676361103455e+04
3.239199617764971481e+04
3.239199635561297328e+04
3.239202279785224891e+04
3.239201374649201534e+04
3.239200203393019910e+04
3.239201676361103455e+04
3.239199599969315750e+04
3.239198446508958295e+04
3.239198464305558446e+04
3.239199316053011717e+04
3.239199316053011717e+04
3.239199919477037110e+04
3.239203167125359687e+04
3.239201072937405479e+04
3.239202261989182080e+04
3.239201374649201534e+04
3.239201676361103455e+04
3.239201374649201534e+04
3.239199919477037110e+04
3.239200789021096716e+04
3.239200789021096716e+04
3.239202261989182080e+04
3.239201090733053206e+04
3.239199901681115080e+04
3.239200185597501695e+04
3.239201090733053206e+04
3.239201676361103455e+04
3.239201676361103455e+04
3.239202563701135659e+04
3.239198428713028625e+04
3.239198446508958295e+04
3.239200487309246091e+04
3.239200469514131328e+04
3.239198996546034687e+04
3.239201374649201534e+04
3.239201978073111241e+04
3.239201942482227605e+04
3.239201055142428231e+04
3.239199014341157817e+04
3.239199316053011717e+04
3.239200221189208605e+04
3.239201108529370686e+04
3.239198428713028625e+04
3.239200789021096716e+04
3.239201072937405479e+04
3.239201374649201534e+04
3.239200487309246091e+04
3.239199919477037110e+04
3.239197257456853185e+04
3.239196671828807666e+04
3.239199866091280273e+04
3.239200487309246091e+04
3.239201392445115562e+04
3.239201392445115562e+04
3.239200203393019910e+04
3.239201374649201534e+04
3.239200203393019910e+04
3.239199901681115080e+04
3.239201694157283782e+04
3.239199032136951064e+04
3.239199316053011717e+04
3.239197843084926717e+04
3.239196955744941806e+04
3.239198144796889756e+04
3.239201108529370686e+04
3.239199901681115080e+04
3.239201090733053206e+04
3.239200789021096716e+04
3.239201694157283782e+04
3.239203734957267443e+04
3.239202244193808656e+04
3.239202563701135659e+04
3.239200789021096716e+04
3.239199617764971481e+04
3.239198748221133064e+04
3.239200806817147895e+04
3.239202545905495572e+04
3.239201374649201534e+04
3.239200203393019910e+04
3.239200185597501695e+04
3.239201072937405479e+04
3.239201676361103455e+04
3.239201978073111241e+04
3.239200789021096716e+04
3.239200487309246091e+04
3.239199032136951064e+04
3.239199599969315750e+04
3.239200469514131328e+04
3.239197825289529283e+04
3.239199316053011717e+04
3.239198464305558446e+04
3.239199316053011717e+04
3.239200505105030970e+04
3.239200487309246091e+04
3.239199032136951064e+04
3.239200806817147895e+04
3.239201108529370686e+04
3.239200771225715289e+04
3.239198712629409783e+04
3.239198712629409783e+04
3.239201676361103455e+04
3.239199316053011717e+04
3.239198446508958295e+04
3.238843088305574202e+04
1.571898632197157713e+04
0.000000000000000000e+00
0.000000000000000000e+00
0.000000000000000000e+00
0.000000000000000000e+00
0.000000000000000000e+00
0.000000000000000000e+00
0.000000000000000000e+00
0.000000000000000000e+00
0.000000000000000000e+00
0.000000000000000000e+00
0.000000000000000000e+00
0.000000000000000000e+00
0.000000000000000000e+00
0.000000000000000000e+00
0.000000000000000000e+00
0.000000000000000000e+00
0.000000000000000000e+00
0.000000000000000000e+00
0.000000000000000000e+00
0.000000000000000000e+00
0.000000000000000000e+00
0.000000000000000000e+00
0.000000000000000000e+00
0.000000000000000000e+00
0.000000000000000000e+00
0.000000000000000000e+00
0.000000000000000000e+00
0.000000000000000000e+00
0.000000000000000000e+00
0.000000000000000000e+00
0.000000000000000000e+00
0.000000000000000000e+00
0.000000000000000000e+00
0.000000000000000000e+00
0.000000000000000000e+00
0.000000000000000000e+00
0.000000000000000000e+00
0.000000000000000000e+00
0.000000000000000000e+00
0.000000000000000000e+00
0.000000000000000000e+00
0.000000000000000000e+00
0.000000000000000000e+00
0.000000000000000000e+00
0.000000000000000000e+00
0.000000000000000000e+00
0.000000000000000000e+00
0.000000000000000000e+00
0.000000000000000000e+00
0.000000000000000000e+00
0.000000000000000000e+00
0.000000000000000000e+00
0.000000000000000000e+00
0.000000000000000000e+00
0.000000000000000000e+00
0.000000000000000000e+00
0.000000000000000000e+00
0.000000000000000000e+00
0.000000000000000000e+00
0.000000000000000000e+00
0.000000000000000000e+00
0.000000000000000000e+00
0.000000000000000000e+00
0.000000000000000000e+00
0.000000000000000000e+00
0.000000000000000000e+00
0.000000000000000000e+00
0.000000000000000000e+00
0.000000000000000000e+00
0.000000000000000000e+00
0.000000000000000000e+00
0.000000000000000000e+00
0.000000000000000000e+00
0.000000000000000000e+00
0.000000000000000000e+00
0.000000000000000000e+00
0.000000000000000000e+00
0.000000000000000000e+00
0.000000000000000000e+00
0.000000000000000000e+00
0.000000000000000000e+00
0.000000000000000000e+00
0.000000000000000000e+00
0.000000000000000000e+00
0.000000000000000000e+00
0.000000000000000000e+00
0.000000000000000000e+00
0.000000000000000000e+00
0.000000000000000000e+00
0.000000000000000000e+00
0.000000000000000000e+00
0.000000000000000000e+00
0.000000000000000000e+00
0.000000000000000000e+00
0.000000000000000000e+00
0.000000000000000000e+00
0.000000000000000000e+00
0.000000000000000000e+00
0.000000000000000000e+00
0.000000000000000000e+00
0.000000000000000000e+00
0.000000000000000000e+00
0.000000000000000000e+00
0.000000000000000000e+00
0.000000000000000000e+00
0.000000000000000000e+00
0.000000000000000000e+00
0.000000000000000000e+00
0.000000000000000000e+00
0.000000000000000000e+00
0.000000000000000000e+00
0.000000000000000000e+00
0.000000000000000000e+00
0.000000000000000000e+00
0.000000000000000000e+00
0.000000000000000000e+00
0.000000000000000000e+00
0.000000000000000000e+00
0.000000000000000000e+00
0.000000000000000000e+00
0.000000000000000000e+00
0.000000000000000000e+00
0.000000000000000000e+00
0.000000000000000000e+00
0.000000000000000000e+00
0.000000000000000000e+00
0.000000000000000000e+00
0.000000000000000000e+00
0.000000000000000000e+00
0.000000000000000000e+00
0.000000000000000000e+00
0.000000000000000000e+00
0.000000000000000000e+00
0.000000000000000000e+00
0.000000000000000000e+00
0.000000000000000000e+00
0.000000000000000000e+00
0.000000000000000000e+00
0.000000000000000000e+00
0.000000000000000000e+00
0.000000000000000000e+00
0.000000000000000000e+00
0.000000000000000000e+00
0.000000000000000000e+00
0.000000000000000000e+00
0.000000000000000000e+00
0.000000000000000000e+00
0.000000000000000000e+00
0.000000000000000000e+00
0.000000000000000000e+00
0.000000000000000000e+00
0.000000000000000000e+00
0.000000000000000000e+00
0.000000000000000000e+00
0.000000000000000000e+00
0.000000000000000000e+00
0.000000000000000000e+00
0.000000000000000000e+00
0.000000000000000000e+00
0.000000000000000000e+00
0.000000000000000000e+00
0.000000000000000000e+00
0.000000000000000000e+00
0.000000000000000000e+00
0.000000000000000000e+00
0.000000000000000000e+00
0.000000000000000000e+00
0.000000000000000000e+00
0.000000000000000000e+00
0.000000000000000000e+00
0.000000000000000000e+00
0.000000000000000000e+00
0.000000000000000000e+00
0.000000000000000000e+00
0.000000000000000000e+00
0.000000000000000000e+00
0.000000000000000000e+00
0.000000000000000000e+00
0.000000000000000000e+00
0.000000000000000000e+00
0.000000000000000000e+00
0.000000000000000000e+00
0.000000000000000000e+00
0.000000000000000000e+00
0.000000000000000000e+00
0.000000000000000000e+00
0.000000000000000000e+00
0.000000000000000000e+00
0.000000000000000000e+00
0.000000000000000000e+00
0.000000000000000000e+00
0.000000000000000000e+00
0.000000000000000000e+00
0.000000000000000000e+00
0.000000000000000000e+00
0.000000000000000000e+00
0.000000000000000000e+00
0.000000000000000000e+00
0.000000000000000000e+00
0.000000000000000000e+00
0.000000000000000000e+00
0.000000000000000000e+00
0.000000000000000000e+00
0.000000000000000000e+00
0.000000000000000000e+00
0.000000000000000000e+00
0.000000000000000000e+00
0.000000000000000000e+00
0.000000000000000000e+00
0.000000000000000000e+00
0.000000000000000000e+00
0.000000000000000000e+00
0.000000000000000000e+00
0.000000000000000000e+00
0.000000000000000000e+00
0.000000000000000000e+00
0.000000000000000000e+00
0.000000000000000000e+00
0.000000000000000000e+00
0.000000000000000000e+00
0.000000000000000000e+00
0.000000000000000000e+00
0.000000000000000000e+00
0.000000000000000000e+00
0.000000000000000000e+00
0.000000000000000000e+00
0.000000000000000000e+00
0.000000000000000000e+00
0.000000000000000000e+00
0.000000000000000000e+00
0.000000000000000000e+00
0.000000000000000000e+00
0.000000000000000000e+00
0.000000000000000000e+00
0.000000000000000000e+00
0.000000000000000000e+00
0.000000000000000000e+00
0.000000000000000000e+00
0.000000000000000000e+00
0.000000000000000000e+00
0.000000000000000000e+00
0.000000000000000000e+00
0.000000000000000000e+00
0.000000000000000000e+00
0.000000000000000000e+00
0.000000000000000000e+00
0.000000000000000000e+00
0.000000000000000000e+00
0.000000000000000000e+00
0.000000000000000000e+00
0.000000000000000000e+00
0.000000000000000000e+00
0.000000000000000000e+00
0.000000000000000000e+00
0.000000000000000000e+00
0.000000000000000000e+00
0.000000000000000000e+00
0.000000000000000000e+00
0.000000000000000000e+00
0.000000000000000000e+00
0.000000000000000000e+00
0.000000000000000000e+00
0.000000000000000000e+00
0.000000000000000000e+00
0.000000000000000000e+00
0.000000000000000000e+00
0.000000000000000000e+00
0.000000000000000000e+00
0.000000000000000000e+00
0.000000000000000000e+00
0.000000000000000000e+00
0.000000000000000000e+00
0.000000000000000000e+00
0.000000000000000000e+00
0.000000000000000000e+00
0.000000000000000000e+00
0.000000000000000000e+00
0.000000000000000000e+00
0.000000000000000000e+00
0.000000000000000000e+00
0.000000000000000000e+00
0.000000000000000000e+00
0.000000000000000000e+00
0.000000000000000000e+00
0.000000000000000000e+00
0.000000000000000000e+00
0.000000000000000000e+00
0.000000000000000000e+00
0.000000000000000000e+00
0.000000000000000000e+00
0.000000000000000000e+00
0.000000000000000000e+00
0.000000000000000000e+00
0.000000000000000000e+00
0.000000000000000000e+00
0.000000000000000000e+00
0.000000000000000000e+00
0.000000000000000000e+00
0.000000000000000000e+00
0.000000000000000000e+00
0.000000000000000000e+00
0.000000000000000000e+00
0.000000000000000000e+00
0.000000000000000000e+00
0.000000000000000000e+00
0.000000000000000000e+00
0.000000000000000000e+00
0.000000000000000000e+00
0.000000000000000000e+00
0.000000000000000000e+00
0.000000000000000000e+00
0.000000000000000000e+00
0.000000000000000000e+00
0.000000000000000000e+00
0.000000000000000000e+00
0.000000000000000000e+00
0.000000000000000000e+00
0.000000000000000000e+00
0.000000000000000000e+00
0.000000000000000000e+00
0.000000000000000000e+00
0.000000000000000000e+00
0.000000000000000000e+00
0.000000000000000000e+00
0.000000000000000000e+00
0.000000000000000000e+00
0.000000000000000000e+00
0.000000000000000000e+00
0.000000000000000000e+00
0.000000000000000000e+00
0.000000000000000000e+00
0.000000000000000000e+00
0.000000000000000000e+00
0.000000000000000000e+00
0.000000000000000000e+00
0.000000000000000000e+00
0.000000000000000000e+00
0.000000000000000000e+00
0.000000000000000000e+00
0.000000000000000000e+00
0.000000000000000000e+00
0.000000000000000000e+00
0.000000000000000000e+00
0.000000000000000000e+00
0.000000000000000000e+00
0.000000000000000000e+00
0.000000000000000000e+00
0.000000000000000000e+00
0.000000000000000000e+00
0.000000000000000000e+00
0.000000000000000000e+00
0.000000000000000000e+00
0.000000000000000000e+00
0.000000000000000000e+00
0.000000000000000000e+00
0.000000000000000000e+00
0.000000000000000000e+00
0.000000000000000000e+00
0.000000000000000000e+00
0.000000000000000000e+00
0.000000000000000000e+00
0.000000000000000000e+00
0.000000000000000000e+00
0.000000000000000000e+00
0.000000000000000000e+00
0.000000000000000000e+00
0.000000000000000000e+00
0.000000000000000000e+00
0.000000000000000000e+00
0.000000000000000000e+00
0.000000000000000000e+00
0.000000000000000000e+00
0.000000000000000000e+00
0.000000000000000000e+00
0.000000000000000000e+00
0.000000000000000000e+00
0.000000000000000000e+00
0.000000000000000000e+00
0.000000000000000000e+00
0.000000000000000000e+00
0.000000000000000000e+00
0.000000000000000000e+00
0.000000000000000000e+00
0.000000000000000000e+00
0.000000000000000000e+00
0.000000000000000000e+00
0.000000000000000000e+00
0.000000000000000000e+00
0.000000000000000000e+00
0.000000000000000000e+00
0.000000000000000000e+00
0.000000000000000000e+00
0.000000000000000000e+00
0.000000000000000000e+00
0.000000000000000000e+00
0.000000000000000000e+00
0.000000000000000000e+00
0.000000000000000000e+00
0.000000000000000000e+00
0.000000000000000000e+00
0.000000000000000000e+00
0.000000000000000000e+00
0.000000000000000000e+00
0.000000000000000000e+00
0.000000000000000000e+00
0.000000000000000000e+00
0.000000000000000000e+00
0.000000000000000000e+00
0.000000000000000000e+00
0.000000000000000000e+00
0.000000000000000000e+00
0.000000000000000000e+00
0.000000000000000000e+00
0.000000000000000000e+00
0.000000000000000000e+00
0.000000000000000000e+00
0.000000000000000000e+00
0.000000000000000000e+00
0.000000000000000000e+00
0.000000000000000000e+00
0.000000000000000000e+00
0.000000000000000000e+00
0.000000000000000000e+00
0.000000000000000000e+00
0.000000000000000000e+00
0.000000000000000000e+00
0.000000000000000000e+00
0.000000000000000000e+00
0.000000000000000000e+00
0.000000000000000000e+00
0.000000000000000000e+00
0.000000000000000000e+00
0.000000000000000000e+00
0.000000000000000000e+00
0.000000000000000000e+00
0.000000000000000000e+00
0.000000000000000000e+00
0.000000000000000000e+00
0.000000000000000000e+00
0.000000000000000000e+00
0.000000000000000000e+00
0.000000000000000000e+00
0.000000000000000000e+00
0.000000000000000000e+00
0.000000000000000000e+00
0.000000000000000000e+00
0.000000000000000000e+00
0.000000000000000000e+00
0.000000000000000000e+00
0.000000000000000000e+00
0.000000000000000000e+00
0.000000000000000000e+00
0.000000000000000000e+00
0.000000000000000000e+00
0.000000000000000000e+00
0.000000000000000000e+00
0.000000000000000000e+00
0.000000000000000000e+00
0.000000000000000000e+00
0.000000000000000000e+00
0.000000000000000000e+00
0.000000000000000000e+00
0.000000000000000000e+00
0.000000000000000000e+00
0.000000000000000000e+00
0.000000000000000000e+00
0.000000000000000000e+00
0.000000000000000000e+00
0.000000000000000000e+00
0.000000000000000000e+00
0.000000000000000000e+00
0.000000000000000000e+00
0.000000000000000000e+00
0.000000000000000000e+00
0.000000000000000000e+00
0.000000000000000000e+00
0.000000000000000000e+00
0.000000000000000000e+00
0.000000000000000000e+00
0.000000000000000000e+00
0.000000000000000000e+00
0.000000000000000000e+00
0.000000000000000000e+00
0.000000000000000000e+00
0.000000000000000000e+00
0.000000000000000000e+00
0.000000000000000000e+00
0.000000000000000000e+00
0.000000000000000000e+00
0.000000000000000000e+00
0.000000000000000000e+00
0.000000000000000000e+00
0.000000000000000000e+00
0.000000000000000000e+00
0.000000000000000000e+00
0.000000000000000000e+00
0.000000000000000000e+00
0.000000000000000000e+00
0.000000000000000000e+00
0.000000000000000000e+00
0.000000000000000000e+00
0.000000000000000000e+00
0.000000000000000000e+00
0.000000000000000000e+00
0.000000000000000000e+00
0.000000000000000000e+00
0.000000000000000000e+00
0.000000000000000000e+00
0.000000000000000000e+00
0.000000000000000000e+00
0.000000000000000000e+00
0.000000000000000000e+00
0.000000000000000000e+00
0.000000000000000000e+00
0.000000000000000000e+00
0.000000000000000000e+00
0.000000000000000000e+00
0.000000000000000000e+00
0.000000000000000000e+00
0.000000000000000000e+00
0.000000000000000000e+00
0.000000000000000000e+00
0.000000000000000000e+00
0.000000000000000000e+00
0.000000000000000000e+00
0.000000000000000000e+00
0.000000000000000000e+00
0.000000000000000000e+00
0.000000000000000000e+00
0.000000000000000000e+00
0.000000000000000000e+00
0.000000000000000000e+00
0.000000000000000000e+00
0.000000000000000000e+00
0.000000000000000000e+00
0.000000000000000000e+00
0.000000000000000000e+00
0.000000000000000000e+00
0.000000000000000000e+00
0.000000000000000000e+00
0.000000000000000000e+00
0.000000000000000000e+00
0.000000000000000000e+00
0.000000000000000000e+00
0.000000000000000000e+00
0.000000000000000000e+00
0.000000000000000000e+00
0.000000000000000000e+00
0.000000000000000000e+00
0.000000000000000000e+00
0.000000000000000000e+00
0.000000000000000000e+00
0.000000000000000000e+00
0.000000000000000000e+00
0.000000000000000000e+00
0.000000000000000000e+00
0.000000000000000000e+00
0.000000000000000000e+00
0.000000000000000000e+00
0.000000000000000000e+00
0.000000000000000000e+00
0.000000000000000000e+00
0.000000000000000000e+00
0.000000000000000000e+00
0.000000000000000000e+00
0.000000000000000000e+00
0.000000000000000000e+00
0.000000000000000000e+00
0.000000000000000000e+00
0.000000000000000000e+00
0.000000000000000000e+00
0.000000000000000000e+00
0.000000000000000000e+00
0.000000000000000000e+00
0.000000000000000000e+00
0.000000000000000000e+00
0.000000000000000000e+00
0.000000000000000000e+00
0.000000000000000000e+00
0.000000000000000000e+00
0.000000000000000000e+00
0.000000000000000000e+00
0.000000000000000000e+00
0.000000000000000000e+00
0.000000000000000000e+00
0.000000000000000000e+00
0.000000000000000000e+00
0.000000000000000000e+00
0.000000000000000000e+00
0.000000000000000000e+00
0.000000000000000000e+00
0.000000000000000000e+00
0.000000000000000000e+00
0.000000000000000000e+00
0.000000000000000000e+00
0.000000000000000000e+00
0.000000000000000000e+00
0.000000000000000000e+00
0.000000000000000000e+00
0.000000000000000000e+00
0.000000000000000000e+00
0.000000000000000000e+00
0.000000000000000000e+00
0.000000000000000000e+00
0.000000000000000000e+00
0.000000000000000000e+00
0.000000000000000000e+00
0.000000000000000000e+00
0.000000000000000000e+00
0.000000000000000000e+00
0.000000000000000000e+00
0.000000000000000000e+00
0.000000000000000000e+00
0.000000000000000000e+00
0.000000000000000000e+00
0.000000000000000000e+00
0.000000000000000000e+00
0.000000000000000000e+00
0.000000000000000000e+00
0.000000000000000000e+00
0.000000000000000000e+00
0.000000000000000000e+00
0.000000000000000000e+00
0.000000000000000000e+00
0.000000000000000000e+00
0.000000000000000000e+00
0.000000000000000000e+00
0.000000000000000000e+00
0.000000000000000000e+00
0.000000000000000000e+00
0.000000000000000000e+00
0.000000000000000000e+00
0.000000000000000000e+00
0.000000000000000000e+00
0.000000000000000000e+00
0.000000000000000000e+00
0.000000000000000000e+00
0.000000000000000000e+00
0.000000000000000000e+00
0.000000000000000000e+00
0.000000000000000000e+00
0.000000000000000000e+00
0.000000000000000000e+00
0.000000000000000000e+00
0.000000000000000000e+00
0.000000000000000000e+00
0.000000000000000000e+00
0.000000000000000000e+00
0.000000000000000000e+00
0.000000000000000000e+00
0.000000000000000000e+00
0.000000000000000000e+00
0.000000000000000000e+00
0.000000000000000000e+00
0.000000000000000000e+00
0.000000000000000000e+00
0.000000000000000000e+00
0.000000000000000000e+00
0.000000000000000000e+00
0.000000000000000000e+00
0.000000000000000000e+00
0.000000000000000000e+00
0.000000000000000000e+00
0.000000000000000000e+00
0.000000000000000000e+00
0.000000000000000000e+00
0.000000000000000000e+00
0.000000000000000000e+00
0.000000000000000000e+00
0.000000000000000000e+00
0.000000000000000000e+00
0.000000000000000000e+00
0.000000000000000000e+00
0.000000000000000000e+00
0.000000000000000000e+00
0.000000000000000000e+00
0.000000000000000000e+00
0.000000000000000000e+00
0.000000000000000000e+00
0.000000000000000000e+00
0.000000000000000000e+00
0.000000000000000000e+00
0.000000000000000000e+00
0.000000000000000000e+00
0.000000000000000000e+00
0.000000000000000000e+00
0.000000000000000000e+00
0.000000000000000000e+00
0.000000000000000000e+00
0.000000000000000000e+00
0.000000000000000000e+00
0.000000000000000000e+00
0.000000000000000000e+00
0.000000000000000000e+00
0.000000000000000000e+00
0.000000000000000000e+00
0.000000000000000000e+00
0.000000000000000000e+00
0.000000000000000000e+00
0.000000000000000000e+00
0.000000000000000000e+00
0.000000000000000000e+00
0.000000000000000000e+00
0.000000000000000000e+00
0.000000000000000000e+00
0.000000000000000000e+00
0.000000000000000000e+00
0.000000000000000000e+00
0.000000000000000000e+00
0.000000000000000000e+00
0.000000000000000000e+00
0.000000000000000000e+00
0.000000000000000000e+00
0.000000000000000000e+00
0.000000000000000000e+00
0.000000000000000000e+00
0.000000000000000000e+00
0.000000000000000000e+00
0.000000000000000000e+00
0.000000000000000000e+00
0.000000000000000000e+00
0.000000000000000000e+00
0.000000000000000000e+00
0.000000000000000000e+00
0.000000000000000000e+00
0.000000000000000000e+00
0.000000000000000000e+00
0.000000000000000000e+00
0.000000000000000000e+00
0.000000000000000000e+00
0.000000000000000000e+00
0.000000000000000000e+00
0.000000000000000000e+00
0.000000000000000000e+00
0.000000000000000000e+00
0.000000000000000000e+00
0.000000000000000000e+00
0.000000000000000000e+00
0.000000000000000000e+00
0.000000000000000000e+00
0.000000000000000000e+00
0.000000000000000000e+00
0.000000000000000000e+00
0.000000000000000000e+00
0.000000000000000000e+00
0.000000000000000000e+00
0.000000000000000000e+00
0.000000000000000000e+00
0.000000000000000000e+00
0.000000000000000000e+00
0.000000000000000000e+00
0.000000000000000000e+00
0.000000000000000000e+00
0.000000000000000000e+00
0.000000000000000000e+00
0.000000000000000000e+00
0.000000000000000000e+00
0.000000000000000000e+00
0.000000000000000000e+00
0.000000000000000000e+00
0.000000000000000000e+00
0.000000000000000000e+00
0.000000000000000000e+00
0.000000000000000000e+00
0.000000000000000000e+00
0.000000000000000000e+00
0.000000000000000000e+00
0.000000000000000000e+00
0.000000000000000000e+00
0.000000000000000000e+00
0.000000000000000000e+00
0.000000000000000000e+00
0.000000000000000000e+00
0.000000000000000000e+00
0.000000000000000000e+00
0.000000000000000000e+00
0.000000000000000000e+00
0.000000000000000000e+00
0.000000000000000000e+00
0.000000000000000000e+00
0.000000000000000000e+00
0.000000000000000000e+00
0.000000000000000000e+00
0.000000000000000000e+00
0.000000000000000000e+00
0.000000000000000000e+00
0.000000000000000000e+00
0.000000000000000000e+00
0.000000000000000000e+00
0.000000000000000000e+00
0.000000000000000000e+00
0.000000000000000000e+00
0.000000000000000000e+00
0.000000000000000000e+00
0.000000000000000000e+00
0.000000000000000000e+00
0.000000000000000000e+00
0.000000000000000000e+00
0.000000000000000000e+00
0.000000000000000000e+00
0.000000000000000000e+00
0.000000000000000000e+00
0.000000000000000000e+00
0.000000000000000000e+00
0.000000000000000000e+00
0.000000000000000000e+00
0.000000000000000000e+00
0.000000000000000000e+00
0.000000000000000000e+00
0.000000000000000000e+00
0.000000000000000000e+00
0.000000000000000000e+00
0.000000000000000000e+00
0.000000000000000000e+00
0.000000000000000000e+00
0.000000000000000000e+00
0.000000000000000000e+00
0.000000000000000000e+00
0.000000000000000000e+00
0.000000000000000000e+00
0.000000000000000000e+00
0.000000000000000000e+00
0.000000000000000000e+00
0.000000000000000000e+00
0.000000000000000000e+00
0.000000000000000000e+00
0.000000000000000000e+00
0.000000000000000000e+00
0.000000000000000000e+00
0.000000000000000000e+00
0.000000000000000000e+00
0.000000000000000000e+00
0.000000000000000000e+00
0.000000000000000000e+00
0.000000000000000000e+00
0.000000000000000000e+00
0.000000000000000000e+00
0.000000000000000000e+00
0.000000000000000000e+00
0.000000000000000000e+00
0.000000000000000000e+00
0.000000000000000000e+00
0.000000000000000000e+00
0.000000000000000000e+00
0.000000000000000000e+00
0.000000000000000000e+00
0.000000000000000000e+00
0.000000000000000000e+00
0.000000000000000000e+00
0.000000000000000000e+00
0.000000000000000000e+00
0.000000000000000000e+00
0.000000000000000000e+00
0.000000000000000000e+00
0.000000000000000000e+00
0.000000000000000000e+00
0.000000000000000000e+00
0.000000000000000000e+00
0.000000000000000000e+00
0.000000000000000000e+00
0.000000000000000000e+00
0.000000000000000000e+00
0.000000000000000000e+00
0.000000000000000000e+00
0.000000000000000000e+00
0.000000000000000000e+00
0.000000000000000000e+00
0.000000000000000000e+00
0.000000000000000000e+00
0.000000000000000000e+00
0.000000000000000000e+00
0.000000000000000000e+00
0.000000000000000000e+00
0.000000000000000000e+00
0.000000000000000000e+00
0.000000000000000000e+00
0.000000000000000000e+00
0.000000000000000000e+00
0.000000000000000000e+00
0.000000000000000000e+00
0.000000000000000000e+00
0.000000000000000000e+00
0.000000000000000000e+00
0.000000000000000000e+00
0.000000000000000000e+00
0.000000000000000000e+00
0.000000000000000000e+00
0.000000000000000000e+00
0.000000000000000000e+00
0.000000000000000000e+00
0.000000000000000000e+00
0.000000000000000000e+00
0.000000000000000000e+00
0.000000000000000000e+00
0.000000000000000000e+00
0.000000000000000000e+00
0.000000000000000000e+00
0.000000000000000000e+00
0.000000000000000000e+00
0.000000000000000000e+00
0.000000000000000000e+00
0.000000000000000000e+00
0.000000000000000000e+00
0.000000000000000000e+00
0.000000000000000000e+00
0.000000000000000000e+00
0.000000000000000000e+00
0.000000000000000000e+00
0.000000000000000000e+00
0.000000000000000000e+00
0.000000000000000000e+00
0.000000000000000000e+00
0.000000000000000000e+00
0.000000000000000000e+00
0.000000000000000000e+00
0.000000000000000000e+00
0.000000000000000000e+00
0.000000000000000000e+00
0.000000000000000000e+00
0.000000000000000000e+00
0.000000000000000000e+00
0.000000000000000000e+00
0.000000000000000000e+00
0.000000000000000000e+00
0.000000000000000000e+00
0.000000000000000000e+00
0.000000000000000000e+00
0.000000000000000000e+00
0.000000000000000000e+00
0.000000000000000000e+00
0.000000000000000000e+00
0.000000000000000000e+00
0.000000000000000000e+00
0.000000000000000000e+00
0.000000000000000000e+00
0.000000000000000000e+00
0.000000000000000000e+00
0.000000000000000000e+00
0.000000000000000000e+00
0.000000000000000000e+00
0.000000000000000000e+00
0.000000000000000000e+00
0.000000000000000000e+00
0.000000000000000000e+00
0.000000000000000000e+00
0.000000000000000000e+00
0.000000000000000000e+00
0.000000000000000000e+00
0.000000000000000000e+00
0.000000000000000000e+00
0.000000000000000000e+00
0.000000000000000000e+00
0.000000000000000000e+00
0.000000000000000000e+00
0.000000000000000000e+00
0.000000000000000000e+00
0.000000000000000000e+00
0.000000000000000000e+00
0.000000000000000000e+00
0.000000000000000000e+00
0.000000000000000000e+00
0.000000000000000000e+00
0.000000000000000000e+00
0.000000000000000000e+00
0.000000000000000000e+00
0.000000000000000000e+00
0.000000000000000000e+00
0.000000000000000000e+00
0.000000000000000000e+00
0.000000000000000000e+00
0.000000000000000000e+00
0.000000000000000000e+00
0.000000000000000000e+00
0.000000000000000000e+00
0.000000000000000000e+00
0.000000000000000000e+00
0.000000000000000000e+00
0.000000000000000000e+00
0.000000000000000000e+00
0.000000000000000000e+00
0.000000000000000000e+00
0.000000000000000000e+00
0.000000000000000000e+00
0.000000000000000000e+00
0.000000000000000000e+00
0.000000000000000000e+00
0.000000000000000000e+00
0.000000000000000000e+00
0.000000000000000000e+00
0.000000000000000000e+00
0.000000000000000000e+00
0.000000000000000000e+00
0.000000000000000000e+00
0.000000000000000000e+00
0.000000000000000000e+00
0.000000000000000000e+00
0.000000000000000000e+00
0.000000000000000000e+00
0.000000000000000000e+00
0.000000000000000000e+00
0.000000000000000000e+00
0.000000000000000000e+00
0.000000000000000000e+00
0.000000000000000000e+00
0.000000000000000000e+00
0.000000000000000000e+00
0.000000000000000000e+00
0.000000000000000000e+00
0.000000000000000000e+00
0.000000000000000000e+00
0.000000000000000000e+00
0.000000000000000000e+00
0.000000000000000000e+00
0.000000000000000000e+00
0.000000000000000000e+00
0.000000000000000000e+00
0.000000000000000000e+00
0.000000000000000000e+00
0.000000000000000000e+00
0.000000000000000000e+00
0.000000000000000000e+00
0.000000000000000000e+00
0.000000000000000000e+00
0.000000000000000000e+00
0.000000000000000000e+00
0.000000000000000000e+00
0.000000000000000000e+00
0.000000000000000000e+00
0.000000000000000000e+00
0.000000000000000000e+00
0.000000000000000000e+00
0.000000000000000000e+00
0.000000000000000000e+00
0.000000000000000000e+00
0.000000000000000000e+00
0.000000000000000000e+00
0.000000000000000000e+00
0.000000000000000000e+00
0.000000000000000000e+00
0.000000000000000000e+00
0.000000000000000000e+00
0.000000000000000000e+00
0.000000000000000000e+00
0.000000000000000000e+00
0.000000000000000000e+00
0.000000000000000000e+00
0.000000000000000000e+00
0.000000000000000000e+00
0.000000000000000000e+00
0.000000000000000000e+00
0.000000000000000000e+00
0.000000000000000000e+00
0.000000000000000000e+00
0.000000000000000000e+00
0.000000000000000000e+00
0.000000000000000000e+00
0.000000000000000000e+00
0.000000000000000000e+00
0.000000000000000000e+00
0.000000000000000000e+00
0.000000000000000000e+00
0.000000000000000000e+00
0.000000000000000000e+00
0.000000000000000000e+00
0.000000000000000000e+00
0.000000000000000000e+00
0.000000000000000000e+00
0.000000000000000000e+00
0.000000000000000000e+00
0.000000000000000000e+00
0.000000000000000000e+00
0.000000000000000000e+00
0.000000000000000000e+00
0.000000000000000000e+00
0.000000000000000000e+00
0.000000000000000000e+00
0.000000000000000000e+00
0.000000000000000000e+00
0.000000000000000000e+00
0.000000000000000000e+00
0.000000000000000000e+00
0.000000000000000000e+00
0.000000000000000000e+00
0.000000000000000000e+00
0.000000000000000000e+00
0.000000000000000000e+00
0.000000000000000000e+00
0.000000000000000000e+00
0.000000000000000000e+00
0.000000000000000000e+00
0.000000000000000000e+00
0.000000000000000000e+00
0.000000000000000000e+00
0.000000000000000000e+00
0.000000000000000000e+00
0.000000000000000000e+00
0.000000000000000000e+00
0.000000000000000000e+00
0.000000000000000000e+00
0.000000000000000000e+00
0.000000000000000000e+00
0.000000000000000000e+00
0.000000000000000000e+00
0.000000000000000000e+00
0.000000000000000000e+00
0.000000000000000000e+00
0.000000000000000000e+00
0.000000000000000000e+00
0.000000000000000000e+00
0.000000000000000000e+00
0.000000000000000000e+00
0.000000000000000000e+00
0.000000000000000000e+00
0.000000000000000000e+00
0.000000000000000000e+00
0.000000000000000000e+00
0.000000000000000000e+00
0.000000000000000000e+00
0.000000000000000000e+00
0.000000000000000000e+00
0.000000000000000000e+00
0.000000000000000000e+00
0.000000000000000000e+00
0.000000000000000000e+00
0.000000000000000000e+00
0.000000000000000000e+00
0.000000000000000000e+00
0.000000000000000000e+00
0.000000000000000000e+00
0.000000000000000000e+00
0.000000000000000000e+00
0.000000000000000000e+00
0.000000000000000000e+00
0.000000000000000000e+00
0.000000000000000000e+00
0.000000000000000000e+00
0.000000000000000000e+00
0.000000000000000000e+00
0.000000000000000000e+00
0.000000000000000000e+00
0.000000000000000000e+00
0.000000000000000000e+00
0.000000000000000000e+00
0.000000000000000000e+00
0.000000000000000000e+00
0.000000000000000000e+00
0.000000000000000000e+00
0.000000000000000000e+00
0.000000000000000000e+00
0.000000000000000000e+00
0.000000000000000000e+00
0.000000000000000000e+00
0.000000000000000000e+00
0.000000000000000000e+00
0.000000000000000000e+00
0.000000000000000000e+00
0.000000000000000000e+00
0.000000000000000000e+00
0.000000000000000000e+00
0.000000000000000000e+00
0.000000000000000000e+00
0.000000000000000000e+00
0.000000000000000000e+00
0.000000000000000000e+00
0.000000000000000000e+00
0.000000000000000000e+00
0.000000000000000000e+00
0.000000000000000000e+00
0.000000000000000000e+00
0.000000000000000000e+00
0.000000000000000000e+00
0.000000000000000000e+00
0.000000000000000000e+00
0.000000000000000000e+00
0.000000000000000000e+00
0.000000000000000000e+00
0.000000000000000000e+00
0.000000000000000000e+00
0.000000000000000000e+00
0.000000000000000000e+00
0.000000000000000000e+00
0.000000000000000000e+00
0.000000000000000000e+00
0.000000000000000000e+00
0.000000000000000000e+00
0.000000000000000000e+00
0.000000000000000000e+00
0.000000000000000000e+00
0.000000000000000000e+00
0.000000000000000000e+00
0.000000000000000000e+00
0.000000000000000000e+00
0.000000000000000000e+00
0.000000000000000000e+00
0.000000000000000000e+00
0.000000000000000000e+00
0.000000000000000000e+00
0.000000000000000000e+00
0.000000000000000000e+00
0.000000000000000000e+00
0.000000000000000000e+00
0.000000000000000000e+00
0.000000000000000000e+00
0.000000000000000000e+00
0.000000000000000000e+00
0.000000000000000000e+00
0.000000000000000000e+00
0.000000000000000000e+00
0.000000000000000000e+00
0.000000000000000000e+00
0.000000000000000000e+00
0.000000000000000000e+00
0.000000000000000000e+00
0.000000000000000000e+00
0.000000000000000000e+00
0.000000000000000000e+00
0.000000000000000000e+00
0.000000000000000000e+00
0.000000000000000000e+00
0.000000000000000000e+00
0.000000000000000000e+00
0.000000000000000000e+00
0.000000000000000000e+00
0.000000000000000000e+00
0.000000000000000000e+00
0.000000000000000000e+00
0.000000000000000000e+00
0.000000000000000000e+00
0.000000000000000000e+00
0.000000000000000000e+00
0.000000000000000000e+00
0.000000000000000000e+00
0.000000000000000000e+00
0.000000000000000000e+00
0.000000000000000000e+00
0.000000000000000000e+00
0.000000000000000000e+00
0.000000000000000000e+00
0.000000000000000000e+00
0.000000000000000000e+00
0.000000000000000000e+00
0.000000000000000000e+00
0.000000000000000000e+00
0.000000000000000000e+00
0.000000000000000000e+00
0.000000000000000000e+00
0.000000000000000000e+00
0.000000000000000000e+00
0.000000000000000000e+00
0.000000000000000000e+00
0.000000000000000000e+00
0.000000000000000000e+00
0.000000000000000000e+00
0.000000000000000000e+00
0.000000000000000000e+00
0.000000000000000000e+00
0.000000000000000000e+00
0.000000000000000000e+00
0.000000000000000000e+00
0.000000000000000000e+00
0.000000000000000000e+00
0.000000000000000000e+00
0.000000000000000000e+00
0.000000000000000000e+00
0.000000000000000000e+00
0.000000000000000000e+00
0.000000000000000000e+00
0.000000000000000000e+00
0.000000000000000000e+00
0.000000000000000000e+00
0.000000000000000000e+00
0.000000000000000000e+00
0.000000000000000000e+00
0.000000000000000000e+00
0.000000000000000000e+00
0.000000000000000000e+00
0.000000000000000000e+00
0.000000000000000000e+00
0.000000000000000000e+00
0.000000000000000000e+00
0.000000000000000000e+00
0.000000000000000000e+00
0.000000000000000000e+00
0.000000000000000000e+00
0.000000000000000000e+00
0.000000000000000000e+00
0.000000000000000000e+00
0.000000000000000000e+00
0.000000000000000000e+00
0.000000000000000000e+00
0.000000000000000000e+00
0.000000000000000000e+00
0.000000000000000000e+00
0.000000000000000000e+00
0.000000000000000000e+00
0.000000000000000000e+00
0.000000000000000000e+00
0.000000000000000000e+00
0.000000000000000000e+00
0.000000000000000000e+00
0.000000000000000000e+00
0.000000000000000000e+00
0.000000000000000000e+00
0.000000000000000000e+00
0.000000000000000000e+00
0.000000000000000000e+00
0.000000000000000000e+00
0.000000000000000000e+00
0.000000000000000000e+00
0.000000000000000000e+00
0.000000000000000000e+00
0.000000000000000000e+00
0.000000000000000000e+00
0.000000000000000000e+00
0.000000000000000000e+00
0.000000000000000000e+00
0.000000000000000000e+00
0.000000000000000000e+00
0.000000000000000000e+00
0.000000000000000000e+00
0.000000000000000000e+00
0.000000000000000000e+00
0.000000000000000000e+00
0.000000000000000000e+00
0.000000000000000000e+00
0.000000000000000000e+00
0.000000000000000000e+00
0.000000000000000000e+00
0.000000000000000000e+00
0.000000000000000000e+00
0.000000000000000000e+00
0.000000000000000000e+00
0.000000000000000000e+00
0.000000000000000000e+00
0.000000000000000000e+00
0.000000000000000000e+00
0.000000000000000000e+00
0.000000000000000000e+00
0.000000000000000000e+00
0.000000000000000000e+00
0.000000000000000000e+00
0.000000000000000000e+00
0.000000000000000000e+00
0.000000000000000000e+00
0.000000000000000000e+00
0.000000000000000000e+00
0.000000000000000000e+00
0.000000000000000000e+00
0.000000000000000000e+00
0.000000000000000000e+00
0.000000000000000000e+00
0.000000000000000000e+00
0.000000000000000000e+00
0.000000000000000000e+00
0.000000000000000000e+00
0.000000000000000000e+00
0.000000000000000000e+00
0.000000000000000000e+00
0.000000000000000000e+00
0.000000000000000000e+00
0.000000000000000000e+00
0.000000000000000000e+00
0.000000000000000000e+00
0.000000000000000000e+00
0.000000000000000000e+00
0.000000000000000000e+00
0.000000000000000000e+00
0.000000000000000000e+00
0.000000000000000000e+00
0.000000000000000000e+00
0.000000000000000000e+00
0.000000000000000000e+00
0.000000000000000000e+00
0.000000000000000000e+00
0.000000000000000000e+00
0.000000000000000000e+00
0.000000000000000000e+00
0.000000000000000000e+00
0.000000000000000000e+00
0.000000000000000000e+00
0.000000000000000000e+00
0.000000000000000000e+00
0.000000000000000000e+00
0.000000000000000000e+00
0.000000000000000000e+00
0.000000000000000000e+00
0.000000000000000000e+00
0.000000000000000000e+00
0.000000000000000000e+00
0.000000000000000000e+00
0.000000000000000000e+00
0.000000000000000000e+00
0.000000000000000000e+00
0.000000000000000000e+00
0.000000000000000000e+00
0.000000000000000000e+00
0.000000000000000000e+00
0.000000000000000000e+00
0.000000000000000000e+00
0.000000000000000000e+00
0.000000000000000000e+00
0.000000000000000000e+00
0.000000000000000000e+00
0.000000000000000000e+00
0.000000000000000000e+00
0.000000000000000000e+00
0.000000000000000000e+00
0.000000000000000000e+00
0.000000000000000000e+00
0.000000000000000000e+00
0.000000000000000000e+00
0.000000000000000000e+00
0.000000000000000000e+00
0.000000000000000000e+00
0.000000000000000000e+00
0.000000000000000000e+00
0.000000000000000000e+00
0.000000000000000000e+00
0.000000000000000000e+00
0.000000000000000000e+00
0.000000000000000000e+00
0.000000000000000000e+00
0.000000000000000000e+00
0.000000000000000000e+00
0.000000000000000000e+00
0.000000000000000000e+00
0.000000000000000000e+00
0.000000000000000000e+00
0.000000000000000000e+00
0.000000000000000000e+00
0.000000000000000000e+00
0.000000000000000000e+00
0.000000000000000000e+00
0.000000000000000000e+00
0.000000000000000000e+00
0.000000000000000000e+00
0.000000000000000000e+00
0.000000000000000000e+00
0.000000000000000000e+00
0.000000000000000000e+00
0.000000000000000000e+00
0.000000000000000000e+00
0.000000000000000000e+00
0.000000000000000000e+00
0.000000000000000000e+00
0.000000000000000000e+00
0.000000000000000000e+00
0.000000000000000000e+00
0.000000000000000000e+00
0.000000000000000000e+00
0.000000000000000000e+00
0.000000000000000000e+00
0.000000000000000000e+00
0.000000000000000000e+00
0.000000000000000000e+00
0.000000000000000000e+00
0.000000000000000000e+00
0.000000000000000000e+00
0.000000000000000000e+00
0.000000000000000000e+00
0.000000000000000000e+00
0.000000000000000000e+00
0.000000000000000000e+00
0.000000000000000000e+00
0.000000000000000000e+00
0.000000000000000000e+00
0.000000000000000000e+00
0.000000000000000000e+00
0.000000000000000000e+00
0.000000000000000000e+00
0.000000000000000000e+00
0.000000000000000000e+00
0.000000000000000000e+00
0.000000000000000000e+00
0.000000000000000000e+00
0.000000000000000000e+00
0.000000000000000000e+00
0.000000000000000000e+00
0.000000000000000000e+00
0.000000000000000000e+00
0.000000000000000000e+00
0.000000000000000000e+00
0.000000000000000000e+00
0.000000000000000000e+00
0.000000000000000000e+00
0.000000000000000000e+00
0.000000000000000000e+00
0.000000000000000000e+00
0.000000000000000000e+00
0.000000000000000000e+00
0.000000000000000000e+00
0.000000000000000000e+00
0.000000000000000000e+00
0.000000000000000000e+00
0.000000000000000000e+00
0.000000000000000000e+00
0.000000000000000000e+00
0.000000000000000000e+00
0.000000000000000000e+00
0.000000000000000000e+00
0.000000000000000000e+00
0.000000000000000000e+00
0.000000000000000000e+00
0.000000000000000000e+00
0.000000000000000000e+00
0.000000000000000000e+00
0.000000000000000000e+00
0.000000000000000000e+00
0.000000000000000000e+00
0.000000000000000000e+00
0.000000000000000000e+00
0.000000000000000000e+00
0.000000000000000000e+00
0.000000000000000000e+00
0.000000000000000000e+00
0.000000000000000000e+00
0.000000000000000000e+00
0.000000000000000000e+00
0.000000000000000000e+00
0.000000000000000000e+00
0.000000000000000000e+00
0.000000000000000000e+00
0.000000000000000000e+00
0.000000000000000000e+00
0.000000000000000000e+00
0.000000000000000000e+00
0.000000000000000000e+00
0.000000000000000000e+00
0.000000000000000000e+00
0.000000000000000000e+00
0.000000000000000000e+00
0.000000000000000000e+00
0.000000000000000000e+00
0.000000000000000000e+00
0.000000000000000000e+00
0.000000000000000000e+00
0.000000000000000000e+00
0.000000000000000000e+00
0.000000000000000000e+00
0.000000000000000000e+00
0.000000000000000000e+00
0.000000000000000000e+00
0.000000000000000000e+00
0.000000000000000000e+00
0.000000000000000000e+00
0.000000000000000000e+00
0.000000000000000000e+00
0.000000000000000000e+00
0.000000000000000000e+00
0.000000000000000000e+00
0.000000000000000000e+00
0.000000000000000000e+00
0.000000000000000000e+00
0.000000000000000000e+00
0.000000000000000000e+00
0.000000000000000000e+00
0.000000000000000000e+00
0.000000000000000000e+00
0.000000000000000000e+00
0.000000000000000000e+00
0.000000000000000000e+00
0.000000000000000000e+00
0.000000000000000000e+00
0.000000000000000000e+00
0.000000000000000000e+00
0.000000000000000000e+00
0.000000000000000000e+00
0.000000000000000000e+00
0.000000000000000000e+00
0.000000000000000000e+00
0.000000000000000000e+00
0.000000000000000000e+00
0.000000000000000000e+00
0.000000000000000000e+00
0.000000000000000000e+00
0.000000000000000000e+00
0.000000000000000000e+00
0.000000000000000000e+00
0.000000000000000000e+00
0.000000000000000000e+00
0.000000000000000000e+00
0.000000000000000000e+00
0.000000000000000000e+00
0.000000000000000000e+00
0.000000000000000000e+00
0.000000000000000000e+00
0.000000000000000000e+00
0.000000000000000000e+00
0.000000000000000000e+00
0.000000000000000000e+00
0.000000000000000000e+00
0.000000000000000000e+00
0.000000000000000000e+00
0.000000000000000000e+00
0.000000000000000000e+00
0.000000000000000000e+00
0.000000000000000000e+00
0.000000000000000000e+00
0.000000000000000000e+00
0.000000000000000000e+00
0.000000000000000000e+00
0.000000000000000000e+00
0.000000000000000000e+00
0.000000000000000000e+00
0.000000000000000000e+00
0.000000000000000000e+00
0.000000000000000000e+00
0.000000000000000000e+00
0.000000000000000000e+00
0.000000000000000000e+00
0.000000000000000000e+00
0.000000000000000000e+00
0.000000000000000000e+00
0.000000000000000000e+00
0.000000000000000000e+00
0.000000000000000000e+00
0.000000000000000000e+00
0.000000000000000000e+00
0.000000000000000000e+00
0.000000000000000000e+00
0.000000000000000000e+00
0.000000000000000000e+00
0.000000000000000000e+00
0.000000000000000000e+00
0.000000000000000000e+00
0.000000000000000000e+00
0.000000000000000000e+00
0.000000000000000000e+00
0.000000000000000000e+00
0.000000000000000000e+00
0.000000000000000000e+00
0.000000000000000000e+00
0.000000000000000000e+00
0.000000000000000000e+00
0.000000000000000000e+00
0.000000000000000000e+00
0.000000000000000000e+00
0.000000000000000000e+00
0.000000000000000000e+00
0.000000000000000000e+00
0.000000000000000000e+00
0.000000000000000000e+00
0.000000000000000000e+00
0.000000000000000000e+00
0.000000000000000000e+00
0.000000000000000000e+00
0.000000000000000000e+00
0.000000000000000000e+00
0.000000000000000000e+00
0.000000000000000000e+00
0.000000000000000000e+00
0.000000000000000000e+00
0.000000000000000000e+00
0.000000000000000000e+00
0.000000000000000000e+00
0.000000000000000000e+00
0.000000000000000000e+00
0.000000000000000000e+00
0.000000000000000000e+00
0.000000000000000000e+00
0.000000000000000000e+00
0.000000000000000000e+00
0.000000000000000000e+00
0.000000000000000000e+00
0.000000000000000000e+00
0.000000000000000000e+00
0.000000000000000000e+00
0.000000000000000000e+00
0.000000000000000000e+00
0.000000000000000000e+00
0.000000000000000000e+00
0.000000000000000000e+00
0.000000000000000000e+00
0.000000000000000000e+00
0.000000000000000000e+00
0.000000000000000000e+00
0.000000000000000000e+00
0.000000000000000000e+00
0.000000000000000000e+00
0.000000000000000000e+00
0.000000000000000000e+00
0.000000000000000000e+00
0.000000000000000000e+00
0.000000000000000000e+00
0.000000000000000000e+00
0.000000000000000000e+00
0.000000000000000000e+00
0.000000000000000000e+00
0.000000000000000000e+00
0.000000000000000000e+00
0.000000000000000000e+00
0.000000000000000000e+00
0.000000000000000000e+00
0.000000000000000000e+00
0.000000000000000000e+00
0.000000000000000000e+00
0.000000000000000000e+00
0.000000000000000000e+00
0.000000000000000000e+00
0.000000000000000000e+00
0.000000000000000000e+00
0.000000000000000000e+00
0.000000000000000000e+00
0.000000000000000000e+00
0.000000000000000000e+00
0.000000000000000000e+00
0.000000000000000000e+00
0.000000000000000000e+00
0.000000000000000000e+00
0.000000000000000000e+00
0.000000000000000000e+00
0.000000000000000000e+00
0.000000000000000000e+00
0.000000000000000000e+00
0.000000000000000000e+00
0.000000000000000000e+00
0.000000000000000000e+00
0.000000000000000000e+00
0.000000000000000000e+00
0.000000000000000000e+00
0.000000000000000000e+00
0.000000000000000000e+00
0.000000000000000000e+00
0.000000000000000000e+00
0.000000000000000000e+00
0.000000000000000000e+00
0.000000000000000000e+00
0.000000000000000000e+00
0.000000000000000000e+00
0.000000000000000000e+00
0.000000000000000000e+00
0.000000000000000000e+00
0.000000000000000000e+00
0.000000000000000000e+00
0.000000000000000000e+00
0.000000000000000000e+00
0.000000000000000000e+00
0.000000000000000000e+00
0.000000000000000000e+00
0.000000000000000000e+00
0.000000000000000000e+00
0.000000000000000000e+00
0.000000000000000000e+00
0.000000000000000000e+00
0.000000000000000000e+00
0.000000000000000000e+00
0.000000000000000000e+00
0.000000000000000000e+00
0.000000000000000000e+00
0.000000000000000000e+00
0.000000000000000000e+00
0.000000000000000000e+00
0.000000000000000000e+00
0.000000000000000000e+00
0.000000000000000000e+00
0.000000000000000000e+00
0.000000000000000000e+00
0.000000000000000000e+00
0.000000000000000000e+00
0.000000000000000000e+00
0.000000000000000000e+00
0.000000000000000000e+00
0.000000000000000000e+00
0.000000000000000000e+00
0.000000000000000000e+00
0.000000000000000000e+00
0.000000000000000000e+00
0.000000000000000000e+00
0.000000000000000000e+00
0.000000000000000000e+00
0.000000000000000000e+00
0.000000000000000000e+00
0.000000000000000000e+00
0.000000000000000000e+00
0.000000000000000000e+00
0.000000000000000000e+00
0.000000000000000000e+00
0.000000000000000000e+00
0.000000000000000000e+00
0.000000000000000000e+00
0.000000000000000000e+00
0.000000000000000000e+00
0.000000000000000000e+00
0.000000000000000000e+00
0.000000000000000000e+00
0.000000000000000000e+00
0.000000000000000000e+00
0.000000000000000000e+00
0.000000000000000000e+00
0.000000000000000000e+00
0.000000000000000000e+00
0.000000000000000000e+00
0.000000000000000000e+00
0.000000000000000000e+00
0.000000000000000000e+00
0.000000000000000000e+00
0.000000000000000000e+00
0.000000000000000000e+00
0.000000000000000000e+00
0.000000000000000000e+00
0.000000000000000000e+00
0.000000000000000000e+00
0.000000000000000000e+00
0.000000000000000000e+00
0.000000000000000000e+00
0.000000000000000000e+00
0.000000000000000000e+00
0.000000000000000000e+00
0.000000000000000000e+00
0.000000000000000000e+00
0.000000000000000000e+00
0.000000000000000000e+00
0.000000000000000000e+00
0.000000000000000000e+00
0.000000000000000000e+00
0.000000000000000000e+00
0.000000000000000000e+00
0.000000000000000000e+00
0.000000000000000000e+00
0.000000000000000000e+00
0.000000000000000000e+00
0.000000000000000000e+00
0.000000000000000000e+00
0.000000000000000000e+00
0.000000000000000000e+00
0.000000000000000000e+00
0.000000000000000000e+00
0.000000000000000000e+00
0.000000000000000000e+00
0.000000000000000000e+00
0.000000000000000000e+00
0.000000000000000000e+00
0.000000000000000000e+00
0.000000000000000000e+00
0.000000000000000000e+00
0.000000000000000000e+00
0.000000000000000000e+00
0.000000000000000000e+00
0.000000000000000000e+00
0.000000000000000000e+00
0.000000000000000000e+00
0.000000000000000000e+00
0.000000000000000000e+00
0.000000000000000000e+00
0.000000000000000000e+00
0.000000000000000000e+00
0.000000000000000000e+00
0.000000000000000000e+00
0.000000000000000000e+00
0.000000000000000000e+00
0.000000000000000000e+00
0.000000000000000000e+00
0.000000000000000000e+00
0.000000000000000000e+00
0.000000000000000000e+00
0.000000000000000000e+00
0.000000000000000000e+00
0.000000000000000000e+00
0.000000000000000000e+00
0.000000000000000000e+00
0.000000000000000000e+00
0.000000000000000000e+00
0.000000000000000000e+00
0.000000000000000000e+00
0.000000000000000000e+00
0.000000000000000000e+00
0.000000000000000000e+00
0.000000000000000000e+00
0.000000000000000000e+00
0.000000000000000000e+00
0.000000000000000000e+00
0.000000000000000000e+00
0.000000000000000000e+00
0.000000000000000000e+00
0.000000000000000000e+00
0.000000000000000000e+00
0.000000000000000000e+00
0.000000000000000000e+00
0.000000000000000000e+00
0.000000000000000000e+00
0.000000000000000000e+00
0.000000000000000000e+00
0.000000000000000000e+00
0.000000000000000000e+00
0.000000000000000000e+00
0.000000000000000000e+00
0.000000000000000000e+00
0.000000000000000000e+00
0.000000000000000000e+00
0.000000000000000000e+00
0.000000000000000000e+00
0.000000000000000000e+00
0.000000000000000000e+00
0.000000000000000000e+00
0.000000000000000000e+00
0.000000000000000000e+00
0.000000000000000000e+00
0.000000000000000000e+00
0.000000000000000000e+00
0.000000000000000000e+00
0.000000000000000000e+00
0.000000000000000000e+00
0.000000000000000000e+00
0.000000000000000000e+00
0.000000000000000000e+00
0.000000000000000000e+00
0.000000000000000000e+00
0.000000000000000000e+00
0.000000000000000000e+00
0.000000000000000000e+00
0.000000000000000000e+00
0.000000000000000000e+00
0.000000000000000000e+00
0.000000000000000000e+00
0.000000000000000000e+00
0.000000000000000000e+00
0.000000000000000000e+00
0.000000000000000000e+00
0.000000000000000000e+00
0.000000000000000000e+00
0.000000000000000000e+00
0.000000000000000000e+00
0.000000000000000000e+00
0.000000000000000000e+00
0.000000000000000000e+00
0.000000000000000000e+00
0.000000000000000000e+00
0.000000000000000000e+00
0.000000000000000000e+00
0.000000000000000000e+00
0.000000000000000000e+00
0.000000000000000000e+00
0.000000000000000000e+00
0.000000000000000000e+00
0.000000000000000000e+00
0.000000000000000000e+00
0.000000000000000000e+00
0.000000000000000000e+00
0.000000000000000000e+00
0.000000000000000000e+00
0.000000000000000000e+00
0.000000000000000000e+00
0.000000000000000000e+00
0.000000000000000000e+00
0.000000000000000000e+00
0.000000000000000000e+00
0.000000000000000000e+00
0.000000000000000000e+00
0.000000000000000000e+00
0.000000000000000000e+00
0.000000000000000000e+00
0.000000000000000000e+00
0.000000000000000000e+00
0.000000000000000000e+00
0.000000000000000000e+00
0.000000000000000000e+00
0.000000000000000000e+00
0.000000000000000000e+00
0.000000000000000000e+00
0.000000000000000000e+00
0.000000000000000000e+00
0.000000000000000000e+00
0.000000000000000000e+00
0.000000000000000000e+00
0.000000000000000000e+00
0.000000000000000000e+00
0.000000000000000000e+00
0.000000000000000000e+00
0.000000000000000000e+00
0.000000000000000000e+00
0.000000000000000000e+00
0.000000000000000000e+00
0.000000000000000000e+00
0.000000000000000000e+00
0.000000000000000000e+00
0.000000000000000000e+00
0.000000000000000000e+00
0.000000000000000000e+00
0.000000000000000000e+00
0.000000000000000000e+00
0.000000000000000000e+00
0.000000000000000000e+00
0.000000000000000000e+00
0.000000000000000000e+00
0.000000000000000000e+00
0.000000000000000000e+00
0.000000000000000000e+00
0.000000000000000000e+00
0.000000000000000000e+00
0.000000000000000000e+00
0.000000000000000000e+00
0.000000000000000000e+00
0.000000000000000000e+00
0.000000000000000000e+00
0.000000000000000000e+00
0.000000000000000000e+00
0.000000000000000000e+00
0.000000000000000000e+00
0.000000000000000000e+00
0.000000000000000000e+00
0.000000000000000000e+00
0.000000000000000000e+00
0.000000000000000000e+00
0.000000000000000000e+00
0.000000000000000000e+00
0.000000000000000000e+00
0.000000000000000000e+00
0.000000000000000000e+00
0.000000000000000000e+00
0.000000000000000000e+00
0.000000000000000000e+00
0.000000000000000000e+00
0.000000000000000000e+00
0.000000000000000000e+00
0.000000000000000000e+00
0.000000000000000000e+00
0.000000000000000000e+00
0.000000000000000000e+00
0.000000000000000000e+00
0.000000000000000000e+00
0.000000000000000000e+00
0.000000000000000000e+00
0.000000000000000000e+00
0.000000000000000000e+00
0.000000000000000000e+00
0.000000000000000000e+00
0.000000000000000000e+00
0.000000000000000000e+00
0.000000000000000000e+00
0.000000000000000000e+00
0.000000000000000000e+00
0.000000000000000000e+00
0.000000000000000000e+00
0.000000000000000000e+00
0.000000000000000000e+00
0.000000000000000000e+00
0.000000000000000000e+00
0.000000000000000000e+00
0.000000000000000000e+00
0.000000000000000000e+00
0.000000000000000000e+00
0.000000000000000000e+00
0.000000000000000000e+00
0.000000000000000000e+00
0.000000000000000000e+00
0.000000000000000000e+00
0.000000000000000000e+00
0.000000000000000000e+00
0.000000000000000000e+00
0.000000000000000000e+00
0.000000000000000000e+00
0.000000000000000000e+00
0.000000000000000000e+00
0.000000000000000000e+00
0.000000000000000000e+00
0.000000000000000000e+00
0.000000000000000000e+00
0.000000000000000000e+00
0.000000000000000000e+00
0.000000000000000000e+00
0.000000000000000000e+00
0.000000000000000000e+00
0.000000000000000000e+00
0.000000000000000000e+00
0.000000000000000000e+00
0.000000000000000000e+00
0.000000000000000000e+00
0.000000000000000000e+00
0.000000000000000000e+00
0.000000000000000000e+00
0.000000000000000000e+00
0.000000000000000000e+00
0.000000000000000000e+00
0.000000000000000000e+00
0.000000000000000000e+00
