3.211549706936865789e+01
1.272234829545943597e+02
2.229111947356363430e+02
3.280194523236931445e+02
4.393531754975044805e+02
5.540466737493420624e+02
6.684503090532715532e+02
7.796786275187527053e+02
8.849252287864928803e+02
9.815418195596951136e+02
1.067038213604057319e+03
1.139365606901410956e+03
1.196356615136715163e+03
1.237115298289163093e+03
1.261002640314502742e+03
1.267577258996601358e+03
1.256753513009940207e+03
1.229493220318033082e+03
1.186639618587521682e+03
1.129688137117841279e+03
1.060615114190183704e+03
9.812519566117869090e+02
8.941547285596591337e+02
8.017016237655012674e+02
7.066792792057938186e+02
6.116239956747332371e+02
5.191116007321396637e+02
4.308285697112966659e+02
3.502137312214783833e+02
2.786834610308722517e+02
2.182206852149408576e+02
1.703274208673900603e+02
1.359457225689213544e+02
1.153193387075483685e+02
1.092980947441836719e+02
1.175130741996714079e+02
1.395360704464200126e+02
1.744513800808105373e+02
2.211917804309993869e+02
2.781630252834917201e+02
3.437379294534395058e+02
4.158676889226738922e+02
4.926286677641679148e+02
5.715109163608079825e+02
6.509004251162873516e+02
7.279907936713133267e+02
8.012734171379096324e+02
8.686138501723888794e+02
9.284573733268802016e+02
9.793744352446545918e+02
1.019685148386699098e+03
1.049060123039481596e+03
1.066959160072809709e+03
1.072453380494523344e+03
1.065898525195236743e+03
1.048039014927532435e+03
1.019500690147121190e+03
9.809752692524200484e+02
9.338659524230754414e+02
8.798526271981003219e+02
8.202199134602694812e+02
7.567135766913025918e+02
6.910135044302126062e+02
6.248984011300723296e+02
5.605817656658166470e+02
4.994470348342800321e+02
4.430950426432278277e+02
3.928565235353293019e+02
3.504574796094920544e+02
3.165435147042387598e+02
2.918392861893397594e+02
2.767202983382215962e+02
2.716608723383703250e+02
2.763777330361483564e+02
2.909038194029089368e+02
3.141587331782671981e+02
3.456418019976543974e+02
3.845427271657819688e+02
4.293594915889440244e+02
4.788470021499896347e+02
5.314505394010478767e+02
5.858920712536145174e+02
6.409001534134562235e+02
6.943337527426150473e+02
7.452837536317426839e+02
7.921229708959911022e+02
8.336853649494571528e+02
8.696744850499619588e+02
8.984697338069281614e+02
9.196033778271404344e+02
9.326340348944657990e+02
9.368568110219458731e+02
9.333916312355893297e+02
9.220540372958183752e+02
9.028176780255503218e+02
8.768551808049592182e+02
8.447792105012143793e+02
8.078809747913612682e+02
7.668587798680877086e+02
7.232607573849940081e+02
6.779301450087220928e+02
6.323623720387071216e+02
5.877366536493935882e+02
5.450675101584600952e+02
5.057647295398235769e+02
4.708230687283504494e+02
4.409474217109993219e+02
4.166977510007744741e+02
3.990622257382719340e+02
3.880671971005742193e+02
3.838048942074703405e+02
3.867430504521756802e+02
3.961701840534611279e+02
4.114670423498865262e+02
4.326863276956170807e+02
4.590440925724466297e+02
4.897300382850864366e+02
5.236571787788810752e+02
5.601272078611425513e+02
5.976249328496238604e+02
6.356430935854857580e+02
6.726862607692928577e+02
7.081154183567932705e+02
7.409226338245791794e+02
7.700209211179948170e+02
7.950216003750725804e+02
8.151077851062531181e+02
8.304244067854904188e+02
8.398251892096933489e+02
8.437251634179120856e+02
8.415973058684953685e+02
8.342387396681908740e+02
8.216692281998102771e+02
8.040732297029315987e+02
7.823993865525268347e+02
7.569968518449401245e+02
7.288669703093084991e+02
6.988463918180032124e+02
6.674884910897580994e+02
6.359922466818296698e+02
6.051811328780476060e+02
5.753911271862148169e+02
5.481176589057663477e+02
5.236769421616929776e+02
5.026618784383522325e+02
4.856192546602072753e+02
4.731287967230743448e+02
4.650850999186232571e+02
4.616330957208080576e+02
4.629967691348304584e+02
4.689389595669475170e+02
4.794662548114297920e+02
4.937881195558005061e+02
5.115883396750690508e+02
5.326165789869510263e+02
5.558912561451212468e+02
5.810302790818824406e+02
6.070388908623680209e+02
6.330606782313949452e+02
6.584961519103349019e+02
6.832991973392935279e+02
7.063235383151793485e+02
7.267127615828093212e+02
7.441045384572981902e+02
7.581892426079258485e+02
7.690591031544813632e+02
7.759696993443824340e+02
7.791581917713721168e+02
7.779987399797395256e+02
7.731369478080074487e+02
7.646650443759647260e+02
7.528992438086021366e+02
7.382677527335113155e+02
7.208825636532931185e+02
7.016330287944838346e+02
6.807826599279090942e+02
6.593920919311419766e+02
6.374679125984529264e+02
6.160246422475206600e+02
5.955761288314548665e+02
5.767877395715904640e+02
5.596331232908445372e+02
5.449357542730473369e+02
5.327878616379877030e+02
5.237559956929405871e+02
5.179192099691538260e+02
5.153302068207924549e+02
5.161339177218104624e+02
5.199680139873228200e+02
5.270235416511779931e+02
5.365231409894404351e+02
5.486512702416881666e+02
5.628282035121048921e+02
5.788628947668419187e+02
5.961360913444592597e+02
6.139297236694571893e+02
6.319341654111156004e+02
6.496619197934070371e+02
6.668033604856116199e+02
6.828182883575367441e+02
6.970347483935772743e+02
7.095252063307102617e+02
7.195452414163532922e+02
7.269565099708229354e+02
7.319698214107797867e+02
7.343282517596687740e+02
7.339198085148891550e+02
7.308433085905003281e+02
7.250855763979612902e+02
7.172856279815238167e+02
7.072655928958807863e+02
6.954339143858118177e+02
6.823439671700507461e+02
6.680286902199505903e+02
6.532588554651763388e+02
6.380344629057279917e+02
6.232646281509536266e+02
6.091996873831378707e+02
5.960702134017528806e+02
5.840804278291885794e+02
5.735992471446007812e+02
5.651141681240168282e+02
5.585527250304596691e+02
5.541652540462135903e+02
5.523404350332464219e+02
5.525841834212600361e+02
5.550875452441031257e+02
5.595540697595969277e+02
5.662867955041906498e+02
5.743634312799949839e+02
5.842187715088720097e+02
5.951281588210514428e+02
6.068083180628956370e+02
6.191472567318038500e+02
6.317299437887256772e+02
6.440161801034688551e+02
6.558742097906202844e+02
6.669219407824831478e+02
6.771000829306215110e+02
6.857959713678659455e+02
6.929042013858861537e+02
6.981942001852098656e+02
7.017779602684379370e+02
7.036357182527583518e+02
7.035369013386987262e+02
7.015276240861536508e+02
6.977659935576183443e+02
6.923376510786112021e+02
6.855588107741228896e+02
6.775612285295662787e+02
6.685820649386843115e+02
6.587530758868898602e+02
6.485683459444808250e+02
6.381135164369756012e+02
6.279090231117546637e+02
6.182842556823500217e+02
6.090020535550186196e+02
6.004972111516227642e+02
5.932440496596484536e+02
5.872623324619075902e+02
5.825849985297534204e+02
5.793503915428692608e+02
5.778351988606220857e+02
5.778813134205165625e+02
5.795084986053645935e+02
5.825915863240239787e+02
5.868670648056692016e+02
5.924996289070661533e+02
5.992060034745774146e+02
6.066238598233177299e+02
6.146807322163101617e+02
6.231262844712701963e+02
6.317628827600789236e+02
6.404192444316995534e+02
6.487462163897881737e+02
6.564934624520604984e+02
6.634040586419615693e+02
6.695834096678215701e+02
6.746362478734022261e+02
6.784505807561026813e+02
6.811845153784181548e+02
6.823505549643214181e+02
6.822451502559911205e+02
6.810725228758172989e+02
6.785493976701621932e+02
6.749392864098516611e+02
6.703344182146745425e+02
6.648204344101490051e+02
6.587860148582431066e+02
6.522311595589565059e+02
6.451822196893720047e+02
6.379422337859389245e+02
6.308405915621893882e+02
6.238443540467699222e+02
6.174476058099787679e+02
6.116108200861920068e+02
6.064855161436342996e+02
6.023944959015669838e+02
5.991467133261415938e+02
5.968343975371470833e+02
5.955958922142668825e+02
5.954575485345834522e+02
5.963798397324729876e+02
5.983825291907473911e+02
6.010967004302509622e+02
6.051020793467999965e+02
6.098518790159312175e+02
6.150430609011953038e+02
6.205109301458262507e+02
6.262291355727415976e+02
6.323360208616245473e+02
6.382452723223883595e+02
6.439700655435743784e+02
6.492073619887329414e+02
6.542799635771254998e+02
6.585159152931468043e+02
6.619415683138795430e+02
6.648336099986903491e+02
6.667506581314464711e+02
6.678639953631845856e+02
6.679035221288083903e+02
6.672052159361206805e+02
6.653935725116947424e+02
6.629099740716635552e+02
6.598268863530041699e+02
6.561508971499871450e+02
6.518688308740713637e+02
6.474023063585776754e+02
6.424943996269510080e+02
6.374810881869941568e+02
6.328103420491106590e+02
6.279683132601904845e+02
6.234227352134490729e+02
6.193317149713817571e+02
6.155898478256583530e+02
6.126187526095999374e+02
6.102207954950870317e+02
6.085409079560738519e+02
6.077240214665146141e+02
6.075329754326660350e+02
6.083235107451428121e+02
6.095093137138579777e+02
6.115515299377562997e+02
6.143118157371542338e+02
6.172829109532127632e+02
6.208337320650875881e+02
6.246480649477880434e+02
6.285743903330892408e+02
6.325929448381795055e+02
6.366971406687880517e+02
6.408342754707498443e+02
6.446288449706382835e+02
6.481006125512653853e+02
6.512166392412780169e+02
6.535223672360019691e+02
6.554789421343818958e+02
6.568887301082987733e+02
6.577451433634820432e+02
6.577253799806700272e+02
6.572839977645371619e+02
6.562101872984229658e+02
6.546225288791987396e+02
6.526857173636307152e+02
6.499517827413152418e+02
6.470992678221282404e+02
6.439700655435743784e+02
6.405905270827361164e+02
6.370331181765907331e+02
6.336074651558579944e+02
6.302279266950198462e+02
6.272173047133375121e+02
6.244109043540449875e+02
6.218284889999541747e+02
6.197467460104320480e+02
6.180207439115245052e+02
6.168085897657267651e+02
6.162222760756397975e+02
6.161563981329334183e+02
6.163342685782406534e+02
6.173751400730017167e+02
6.187783402526480359e+02
6.203528230833309181e+02
6.225136196041007679e+02
6.248522865701778528e+02
6.275532822211400799e+02
6.303794459632446205e+02
6.331726707339958011e+02
6.359131931505819466e+02
6.388579371895579015e+02
6.413810623952128935e+02
6.437856073039964713e+02
6.459002892648717307e+02
6.477119326892976687e+02
6.491348962517558903e+02
6.502745846605765792e+02
6.507159668767094445e+02
6.507423180537920189e+02
6.507291424652506748e+02
6.501625921579757232e+02
6.487264530069761577e+02
6.473627795929537569e+02
6.453996169003031582e+02
6.435813856816065481e+02
6.413612990124009912e+02
6.390621588119477110e+02
6.367432552286825285e+02
6.345034051766650691e+02
6.321910893876704449e+02
6.298194834502402273e+02
6.277970306091538077e+02
6.260842040987874952e+02
6.245294846509165154e+02
6.233897962420958265e+02
6.225202073983714399e+02
6.220722373879679026e+02
6.218877791483899955e+02
6.220195350338027538e+02
6.226914900494080030e+02
6.236335446301095544e+02
6.247995842160127040e+02
6.262159599842002535e+02
6.277904428148831357e+02
6.295427960908733667e+02
6.314466686350882583e+02
6.335942895673167641e+02
6.355179254943435581e+02
6.373822712729346449e+02
6.391873269030899110e+02
6.410384970931396538e+02
6.425009874212216801e+02
6.435682100930653178e+02
6.447210740904272370e+02
6.451624563065601023e+02
6.458673502935185979e+02
6.458673502935185979e+02
6.457224188195644956e+02
6.453403267518673374e+02
6.446024937935557091e+02
6.436143246529597945e+02
6.424878118326803360e+02
6.410384970931396538e+02
6.395957701478695299e+02
6.379883483458335149e+02
6.364204533094211911e+02
6.346285732678071554e+02
6.330936172027481916e+02
6.315981879033129189e+02
6.301818121351253694e+02
6.289235434294331526e+02
6.277575038435300030e+02
6.270657854451128514e+02
6.264070060180488326e+02
6.260117383618104441e+02
6.259392726248333929e+02
6.262488989555534999e+02
6.267298079373101700e+02
6.272041291247962818e+02
6.279090231117546637e+02
6.288379021039148711e+02
6.300500562497126111e+02
6.311172789215562489e+02
6.324743645413079776e+02
6.338775647209542967e+02
6.353532306375775534e+02
6.366114993432697702e+02
6.378763558432325453e+02
6.390028686635120039e+02
6.400700913353556416e+02
6.408474510592910747e+02
6.414930548978137494e+02
6.420793685879007171e+02
6.424680484498684336e+02
6.426722700722583568e+02
6.426261555123638800e+02
6.421584221191484403e+02
6.417763300514512821e+02
6.410253215045984234e+02
6.401689082494151535e+02
6.393124949942319972e+02
6.383902037963424618e+02
6.371121717078383426e+02
6.358670785906874698e+02
6.348130315073850625e+02
6.337194576584589640e+02
6.326390593980739823e+02
6.318089973199734004e+02
6.309723474476021465e+02
6.299907661012767903e+02
6.293649256455660179e+02
6.291607040231762085e+02
6.287456729841259175e+02
6.288049631325617383e+02
6.286863828356902104e+02
6.291672918174468805e+02
6.294044524111899364e+02
6.300171172783593647e+02
6.306824844996940556e+02
6.315257221663358678e+02
6.323030818902714145e+02
6.330870294084775196e+02
6.341279009032385829e+02
6.350765432782106927e+02
6.359527199162057514e+02
6.368815989083659588e+02
6.378565924604206430e+02
6.385021962989433177e+02
6.391346245489247622e+02
6.396484725020346787e+02
6.399317476556722113e+02
6.400898547181675440e+02
6.401425570723326928e+02
6.401820838379564975e+02
6.399712744212960160e+02
6.395825945593282995e+02
6.392466170515256181e+02
6.386866545385212248e+02
6.380608140828104524e+02
6.374415614213703520e+02
6.366839650802468213e+02
6.357089715281921372e+02
6.351226578381051695e+02
6.343914126740642132e+02
6.337523966298120968e+02
6.328630444032758078e+02
6.323426086558952193e+02
6.316113634918541493e+02
6.313478517210286327e+02
6.309789352418728186e+02
6.309328206819783418e+02
6.308603549450012906e+02
6.309394084762489001e+02
6.309855230361433769e+02
6.312029202470745304e+02
6.317562949658082516e+02
6.320922724736109330e+02
6.325204791012024543e+02
6.330804416142068476e+02
6.335415872131516153e+02
6.341937788459449621e+02
6.349447873927979344e+02
6.357880250594397467e+02
6.362425828641139560e+02
6.370133547937788308e+02
6.373625078901226289e+02
6.378302412833380686e+02
6.381596309968700780e+02
6.382584479109297035e+02
6.384890207104020874e+02
6.384758451218607433e+02
6.385021962989433177e+02
6.384626695333195130e+02
6.382123333510352268e+02
6.378302412833380686e+02
6.376128440724070288e+02
6.370397059708612915e+02
6.366642016974349190e+02
6.360515368302653769e+02
6.356299179969444140e+02
6.349645507756098368e+02
6.343452981141697364e+02
6.339763816350139223e+02
6.336667553042938152e+02
6.331265561741013244e+02
6.326258838095327519e+02
6.324941279241198799e+02
6.320790968850695890e+02
6.321054480621521634e+02
6.319209898225742563e+02
6.319736921767394051e+02
6.320922724736109330e+02
6.323623720387071216e+02
6.326588227808858846e+02
6.327444641064042798e+02
6.332451364709728523e+02
6.335415872131516153e+02
6.340290839891789574e+02
6.344507028224999203e+02
6.348591460672795392e+02
6.353532306375775534e+02
6.358407274136048954e+02
6.361898805099488072e+02
6.364797434578570119e+02
6.367761942000357749e+02
6.370660571479438659e+02
6.372044008276272962e+02
6.373954468614758753e+02
6.374415614213703520e+02
6.372307520047098706e+02
6.373493323015813985e+02
6.373427445073107265e+02
6.371121717078383426e+02
6.366246749318110005e+02
6.362821096297377608e+02
6.362359950698432840e+02
6.358012006479810907e+02
6.354981621115316557e+02
6.349711385698805088e+02
6.346746878277016322e+02
6.343914126740642132e+02
6.341871910516742901e+02
6.337458088355414247e+02
6.335415872131516153e+02
6.332583120595140826e+02
6.330277392600416988e+02
6.329618613173353197e+02
6.328498688147344637e+02
6.331067927912894220e+02
6.331529073511838988e+02
6.330540904371242732e+02
6.334164191220095290e+02
6.333768923563856106e+02
6.336206407443993385e+02
6.338709769266836247e+02
6.342860079657339156e+02
6.347208023875961089e+02
6.350040775412336416e+02
6.352544137235179278e+02
6.355179254943435581e+02
6.358670785906874698e+02
6.361240025672424281e+02
6.364072777208799607e+02
6.363809265437973863e+02
6.364402166922330935e+02
6.366642016974349190e+02
6.367366674344118564e+02
6.367234918458706261e+02
6.367366674344118564e+02
6.367564308172238725e+02
6.365851481661871958e+02
6.363282241896322375e+02
6.361964683042194793e+02
6.356496813797563163e+02
6.355574522599673628e+02
6.352873526948711742e+02
6.351819479865409903e+02
6.347932681245731601e+02
6.345626953251007762e+02
6.343518859084402948e+02
6.341410764917798133e+02
6.339829694292844806e+02
6.339170914865781015e+02
6.337458088355414247e+02
6.336008773615874361e+02
6.335613505959635177e+02
6.336074651558579944e+02
6.334888848589865802e+02
6.335877017730460921e+02
6.338907403094955271e+02
6.338643891324129527e+02
6.341147253146973526e+02
6.343716492912521971e+02
6.345297563537476435e+02
6.347076267990548786e+02
6.348657338615502113e+02
6.350436043068574463e+02
6.352807649006005022e+02
6.355113377000728860e+02
6.356826203511095628e+02
6.358209640307929931e+02
6.360120100646415722e+02
6.361108269787010840e+02
6.359988344761002281e+02
6.362886974240084328e+02
6.362623462469258584e+02
6.361832927156781352e+02
6.359724832990176537e+02
6.360515368302653769e+02
6.359197809448526186e+02
6.356957959396507931e+02
6.356496813797563163e+02
6.354454597573665069e+02
6.353334672547656510e+02
6.350172531297749856e+02
6.349118484214446880e+02
6.346681000334310738e+02
6.345626953251007762e+02
6.343057713485458180e+02
6.342991835542752597e+02
6.342135422287568645e+02
6.341279009032385829e+02
6.342333056115687668e+02
6.341147253146973526e+02
6.341476642860504853e+02
6.341608398745918294e+02
6.343057713485458180e+02
6.341476642860504853e+02
6.343387103198990644e+02
6.344375272339586900e+02
6.345099929709357411e+02
6.346483366506191715e+02
6.347998559188438321e+02
6.351555968094584159e+02
6.351424212209170719e+02
6.352346503407060254e+02
6.352346503407060254e+02
6.354783987287197533e+02
6.354718109344490813e+02
6.357880250594397467e+02
6.357748494708985163e+02
6.357221471167333675e+02
6.358341396193342234e+02
6.360251856531828025e+02
6.359527199162057514e+02
6.357155593224628092e+02
6.355903912313206092e+02
6.357155593224628092e+02
6.356101546141325116e+02
6.356299179969444140e+02
6.353598184318482254e+02
6.352807649006005022e+02
6.351160700438344975e+02
6.349513751870684928e+02
6.349052606271740160e+02
6.347669169474905857e+02
6.347471535646786833e+02
6.347208023875961089e+02
6.342596567886513412e+02
6.342596567886513412e+02
6.343782370855228692e+02
6.343716492912521971e+02
6.343914126740642132e+02
6.343189469370871620e+02
6.344770539995824947e+02
6.343716492912521971e+02
6.344836417938531667e+02
6.346351610620778274e+02
6.347998559188438321e+02
6.348723216558208833e+02
6.348525582730089809e+02
6.349447873927979344e+02
6.349447873927979344e+02
6.351424212209170719e+02
6.352082991636234510e+02
6.353334672547656510e+02
6.353598184318482254e+02
6.354783987287197533e+02
6.355640400542380348e+02
6.355376888771554604e+02
6.356826203511095628e+02
6.356035668198618396e+02
6.355376888771554604e+02
6.354586353459078509e+02
6.353861696089307998e+02
6.354191085802839325e+02
6.354256963745546045e+02
6.352346503407060254e+02
6.352741771063299439e+02
6.351490090151877439e+02
6.351358334266465135e+02
6.350436043068574463e+02
6.349974897469629695e+02
6.346746878277016322e+02
6.346944512105136482e+02
6.348459704787383089e+02
6.345890465021833506e+02
6.345165807652062995e+02
6.345297563537476435e+02
6.346746878277016322e+02
6.345758709136421203e+02
6.347471535646786833e+02
6.345824587079126786e+02
6.346285732678071554e+02
6.346153976792659250e+02
6.347537413589493553e+02
6.348196193016557345e+02
6.348196193016557345e+02
6.347800925360319297e+02
6.348262070959264065e+02
6.350436043068574463e+02
6.350106653355043136e+02
6.350897188667520368e+02
6.352610015177885998e+02
6.352346503407060254e+02
6.353729940203894557e+02
6.352610015177885998e+02
6.353071160776830766e+02
6.353729940203894557e+02
6.354059329917427021e+02
6.355179254943435581e+02
6.353729940203894557e+02
6.353729940203894557e+02
6.353400550490363230e+02
6.352807649006005022e+02
6.352675893120592718e+02
6.351753601922703183e+02
6.349843141584217392e+02
6.350567798953987904e+02
6.351424212209170719e+02
6.349777263641510672e+02
6.349579629813391648e+02
6.348789094500915553e+02
6.349184362157153600e+02
6.349052606271740160e+02
6.347273901818667809e+02
6.346417488563484994e+02
6.347603291532200274e+02
6.347142145933255506e+02
6.346088098849952530e+02
6.346944512105136482e+02
6.346812756219723042e+02
6.347800925360319297e+02
6.347998559188438321e+02
6.348064437131145041e+02
6.349843141584217392e+02
6.349645507756098368e+02
6.350897188667520368e+02
6.350238409240455439e+02
6.351555968094584159e+02
6.351951235750822207e+02
6.350699554839400207e+02
6.352082991636234510e+02
6.352082991636234510e+02
6.352412381349766974e+02
6.352148869578941230e+02
6.353795818146601277e+02
6.355574522599673628e+02
6.354322841688252765e+02
6.353466428433068813e+02
6.352873526948711742e+02
6.353137038719537486e+02
6.351687723979996463e+02
6.351621846037289743e+02
6.352741771063299439e+02
6.354388719630958349e+02
6.351424212209170719e+02
6.351424212209170719e+02
6.350699554839400207e+02
6.349645507756098368e+02
6.347735047417612577e+02
6.349381995985272624e+02
6.348393826844676369e+02
6.348657338615502113e+02
6.348459704787383089e+02
6.348657338615502113e+02
6.347405657704081250e+02
6.348196193016557345e+02
6.347866803303026018e+02
6.347339779761374530e+02
6.347800925360319297e+02
6.347800925360319297e+02
6.349184362157153600e+02
6.348393826844676369e+02
6.350238409240455439e+02
6.349513751870684928e+02
6.350370165125868880e+02
6.350501921011281183e+02
6.350238409240455439e+02
6.350897188667520368e+02
6.349909019526924112e+02
6.350963066610225951e+02
6.350765432782106927e+02
6.351292456323758415e+02
6.351424212209170719e+02
6.352412381349766974e+02
6.351292456323758415e+02
6.351094822495639391e+02
6.352082991636234510e+02
6.351951235750822207e+02
6.353202916662244206e+02
6.352148869578941230e+02
6.353532306375775534e+02
6.350963066610225951e+02
6.350699554839400207e+02
6.350370165125868880e+02
6.351226578381051695e+02
6.350106653355043136e+02
6.350304287183162160e+02
6.349184362157153600e+02
6.349579629813391648e+02
6.350172531297749856e+02
6.349843141584217392e+02
6.350106653355043136e+02
6.347998559188438321e+02
6.348459704787383089e+02
6.347800925360319297e+02
6.349184362157153600e+02
6.349974897469629695e+02
6.347932681245731601e+02
6.349843141584217392e+02
6.349645507756098368e+02
6.350040775412336416e+02
6.350238409240455439e+02
6.351358334266465135e+02
6.351490090151877439e+02
6.350370165125868880e+02
6.350897188667520368e+02
6.350633676896694624e+02
6.350963066610225951e+02
6.351753601922703183e+02
6.349843141584217392e+02
6.351819479865409903e+02
6.352017113693528927e+02
6.350238409240455439e+02
6.349118484214446880e+02
6.350897188667520368e+02
6.351226578381051695e+02
6.350765432782106927e+02
6.351621846037289743e+02
6.351028944552932671e+02
6.351094822495639391e+02
6.351028944552932671e+02
6.350304287183162160e+02
6.350699554839400207e+02
6.351819479865409903e+02
6.351687723979996463e+02
6.350633676896694624e+02
6.350633676896694624e+02
6.349118484214446880e+02
6.349447873927979344e+02
6.350699554839400207e+02
6.351424212209170719e+02
6.350106653355043136e+02
6.349777263641510672e+02
6.348657338615502113e+02
6.348986728329034577e+02
6.349184362157153600e+02
6.348064437131145041e+02
6.350172531297749856e+02
6.349184362157153600e+02
6.351885357808115486e+02
6.351424212209170719e+02
6.350106653355043136e+02
6.349909019526924112e+02
6.350304287183162160e+02
6.350106653355043136e+02
6.348789094500915553e+02
6.348459704787383089e+02
6.349909019526924112e+02
6.350304287183162160e+02
6.350304287183162160e+02
6.349777263641510672e+02
6.350172531297749856e+02
6.350106653355043136e+02
6.349316118042565904e+02
6.350238409240455439e+02
6.351292456323758415e+02
6.349381995985272624e+02
6.349316118042565904e+02
6.350501921011281183e+02
6.350238409240455439e+02
6.349513751870684928e+02
6.350567798953987904e+02
6.350963066610225951e+02
6.349843141584217392e+02
6.350501921011281183e+02
6.350370165125868880e+02
6.350633676896694624e+02
6.351621846037289743e+02
6.349513751870684928e+02
6.349645507756098368e+02
6.350436043068574463e+02
6.350633676896694624e+02
6.351226578381051695e+02
6.350436043068574463e+02
6.350699554839400207e+02
6.351687723979996463e+02
6.349645507756098368e+02
6.350238409240455439e+02
6.350567798953987904e+02
6.348525582730089809e+02
6.350106653355043136e+02
6.350897188667520368e+02
6.351424212209170719e+02
6.350765432782106927e+02
6.351226578381051695e+02
6.351490090151877439e+02
6.350106653355043136e+02
6.349974897469629695e+02
6.351028944552932671e+02
6.350765432782106927e+02
6.351292456323758415e+02
6.350040775412336416e+02
6.349843141584217392e+02
6.350963066610225951e+02
6.350106653355043136e+02
6.349250240099860321e+02
6.348525582730089809e+02
6.349250240099860321e+02
6.350040775412336416e+02
6.351358334266465135e+02
6.350963066610225951e+02
6.350040775412336416e+02
6.348196193016557345e+02
6.349184362157153600e+02
6.351358334266465135e+02
6.350765432782106927e+02
6.350831310724813648e+02
6.351028944552932671e+02
6.350436043068574463e+02
6.351028944552932671e+02
6.352412381349766974e+02
6.352412381349766974e+02
6.350699554839400207e+02
6.349777263641510672e+02
6.350765432782106927e+02
6.349645507756098368e+02
6.351028944552932671e+02
6.351028944552932671e+02
6.350831310724813648e+02
6.350370165125868880e+02
6.348591460672795392e+02
6.350238409240455439e+02
6.350238409240455439e+02
6.347603291532200274e+02
6.349645507756098368e+02
6.350436043068574463e+02
6.350831310724813648e+02
6.351160700438344975e+02
6.350567798953987904e+02
6.350633676896694624e+02
6.350501921011281183e+02
6.350436043068574463e+02
6.350106653355043136e+02
6.352148869578941230e+02
6.350370165125868880e+02
6.349250240099860321e+02
6.350304287183162160e+02
6.349909019526924112e+02
6.350897188667520368e+02
6.352412381349766974e+02
6.352807649006005022e+02
6.350501921011281183e+02
6.349447873927979344e+02
6.349645507756098368e+02
6.350172531297749856e+02
6.349316118042565904e+02
6.350567798953987904e+02
6.350040775412336416e+02
6.350040775412336416e+02
6.348393826844676369e+02
6.349579629813391648e+02
6.350040775412336416e+02
6.350304287183162160e+02
6.349974897469629695e+02
6.349974897469629695e+02
6.351094822495639391e+02
6.350106653355043136e+02
6.350304287183162160e+02
6.349711385698805088e+02
6.350567798953987904e+02
6.352412381349766974e+02
6.351621846037289743e+02
6.350436043068574463e+02
6.349513751870684928e+02
6.350567798953987904e+02
6.350567798953987904e+02
6.351424212209170719e+02
6.349843141584217392e+02
6.349711385698805088e+02
6.349184362157153600e+02
6.349250240099860321e+02
6.349843141584217392e+02
6.351424212209170719e+02
6.351687723979996463e+02
6.348262070959264065e+02
6.350897188667520368e+02
6.349513751870684928e+02
6.349513751870684928e+02
6.348196193016557345e+02
6.350633676896694624e+02
6.350436043068574463e+02
6.349316118042565904e+02
6.349118484214446880e+02
6.348723216558208833e+02
6.350633676896694624e+02
6.351687723979996463e+02
6.349381995985272624e+02
6.349843141584217392e+02
6.349118484214446880e+02
6.349513751870684928e+02
6.349711385698805088e+02
6.349645507756098368e+02
6.350897188667520368e+02
6.351094822495639391e+02
6.350304287183162160e+02
6.350106653355043136e+02
6.350436043068574463e+02
6.349909019526924112e+02
6.349843141584217392e+02
6.350567798953987904e+02
6.349974897469629695e+02
6.349513751870684928e+02
6.348196193016557345e+02
6.349711385698805088e+02
6.349579629813391648e+02
6.351490090151877439e+02
6.350963066610225951e+02
6.351424212209170719e+02
6.348262070959264065e+02
6.349250240099860321e+02
6.349909019526924112e+02
6.350897188667520368e+02
6.349777263641510672e+02
6.349250240099860321e+02
6.350106653355043136e+02
6.350436043068574463e+02
6.350765432782106927e+02
6.349316118042565904e+02
6.350699554839400207e+02
6.350699554839400207e+02
6.350897188667520368e+02
6.350963066610225951e+02
6.349777263641510672e+02
6.351424212209170719e+02
6.351226578381051695e+02
6.352082991636234510e+02
6.350897188667520368e+02
6.349777263641510672e+02
6.350238409240455439e+02
6.348262070959264065e+02
6.349118484214446880e+02
6.350304287183162160e+02
6.349777263641510672e+02
6.351885357808115486e+02
6.351028944552932671e+02
6.349316118042565904e+02
6.351028944552932671e+02
6.351028944552932671e+02
6.351555968094584159e+02
6.350699554839400207e+02
6.348064437131145041e+02
6.348459704787383089e+02
6.350436043068574463e+02
6.348327948901970785e+02
6.349250240099860321e+02
6.349118484214446880e+02
6.348986728329034577e+02
6.348327948901970785e+02
6.349118484214446880e+02
6.348525582730089809e+02
6.349974897469629695e+02
6.349118484214446880e+02
6.349579629813391648e+02
6.347866803303026018e+02
6.349843141584217392e+02
6.348986728329034577e+02
6.348657338615502113e+02
6.349843141584217392e+02
6.350106653355043136e+02
6.350040775412336416e+02
6.350567798953987904e+02
6.349381995985272624e+02
6.349645507756098368e+02
6.349250240099860321e+02
6.350370165125868880e+02
6.351753601922703183e+02
6.351885357808115486e+02
6.350106653355043136e+02
6.350897188667520368e+02
6.351160700438344975e+02
6.352148869578941230e+02
6.351358334266465135e+02
6.349909019526924112e+02
6.349316118042565904e+02
6.348854972443621136e+02
6.348920850386327857e+02
6.350831310724813648e+02
6.348723216558208833e+02
6.348393826844676369e+02
6.350106653355043136e+02
6.349974897469629695e+02
6.349909019526924112e+02
6.349645507756098368e+02
6.349777263641510672e+02
6.349381995985272624e+02
6.349513751870684928e+02
6.350765432782106927e+02
6.349579629813391648e+02
6.350963066610225951e+02
6.350172531297749856e+02
6.350567798953987904e+02
6.349777263641510672e+02
6.349974897469629695e+02
6.348130315073850625e+02
6.351424212209170719e+02
6.352017113693528927e+02
6.350106653355043136e+02
6.348723216558208833e+02
6.347800925360319297e+02
6.350436043068574463e+02
6.349052606271740160e+02
6.350304287183162160e+02
6.351358334266465135e+02
6.352280625464354671e+02
6.349974897469629695e+02
6.350238409240455439e+02
6.351753601922703183e+02
6.352017113693528927e+02
6.350436043068574463e+02
6.350699554839400207e+02
6.350897188667520368e+02
6.351358334266465135e+02
6.352478259292473695e+02
6.350370165125868880e+02
6.350040775412336416e+02
6.351555968094584159e+02
6.351687723979996463e+02
6.352017113693528927e+02
6.352082991636234510e+02
6.351094822495639391e+02
5.996935002506047567e+02
5.048292627533926975e+02
4.087331077275710527e+02
3.032032313061932882e+02
1.916652865099921428e+02
7.701131502377837990e+01
-3.752407616556386927e+01
-1.486140509513615484e+02
-2.540714616357622333e+02
-3.502137312214783833e+02
-4.354795524663683182e+02
-5.069241813314561682e+02
-5.635330974990632740e+02
-6.037976960812133029e+02
-6.267956858800165492e+02
-6.326324716038033102e+02
-6.214925114921516069e+02
-5.934812102533915095e+02
-5.503113943978893303e+02
-4.928592405636403555e+02
-4.235490570422397809e+02
-3.440080290185357512e+02
-2.565352966929814897e+02
-1.642534745498602433e+02
-6.863822850579528279e+01
2.645658179088913187e+01
1.191468471787900540e+02
2.069423814236056671e+02
2.871751278457268768e+02
3.583957717056129013e+02
4.183381117741637922e+02
4.660535056764072692e+02
5.001321654384265685e+02
5.202315257581483365e+02
5.258575020652747298e+02
5.171484380394889513e+02
4.946577083995249495e+02
4.592680775776483983e+02
4.124552114904824975e+02
3.550886989817518042e+02
2.890460614185885220e+02
2.169294775378954796e+02
1.401223841365069234e+02
6.087780685498169220e+01
-1.837335822081418968e+01
-9.545713898156959942e+01
-1.687002356825420577e+02
-2.357639813576544441e+02
-2.953110537699669180e+02
-3.458064968544204021e+02
-3.859591029339695183e+02
-4.149124587534311104e+02
-4.320934262112594979e+02
-4.372714325079823539e+02
-4.305914091175536669e+02
-4.124222725191293080e+02
-3.835545580251860542e+02
-3.448776178622601947e+02
-2.976299573532321006e+02
-2.431950132949360750e+02
-1.832856121977384021e+02
-1.197990388115833866e+02
-5.411872993330533177e+01
1.163404468194975294e+01
7.599679470609986254e+01
1.370854109777420149e+02
1.931870669865099046e+02
2.430632574095232599e+02
2.854095989811954155e+02
3.192840371208249053e+02
3.438301585732285162e+02
3.586395200936265724e+02
3.636791827106659980e+02
3.585011764139431421e+02
3.439289754872880849e+02
3.203710231754804454e+02
2.886376181738089031e+02
2.495258835890208502e+02
2.044719585721157671e+02
1.547209362402445549e+02
1.018011848641956618e+02
4.746505771995921208e+01
-7.431031937281608712e+00
-6.114790642007792343e+01
-1.118278077441093217e+02
-1.588580710422063191e+02
-2.004534040670255308e+02
-2.362317147508698838e+02
-2.646580470286803006e+02
-2.854820647181724667e+02
-2.982821489860254474e+02
-3.025312762905880390e+02
-2.988289359104885534e+02
-2.871092499030204408e+02
-2.678070126900460650e+02
-2.417061717897714743e+02
-2.091888192698937985e+02
-1.721258887032747111e+02
-1.310180524544828415e+02
-8.718945717191675726e+01
-4.181273023575032965e+01
3.748454939994003254e+00
4.854545598034412990e+01
9.099061446607586845e+01
1.299969443425336806e+02
1.649649563310893257e+02
1.947286108458395972e+02
2.187740599336746072e+02
2.362251269565992402e+02
2.470225217661777322e+02
2.511662443624101400e+02
2.482807904718699206e+02
2.388009545164193526e+02
2.230890651809436349e+02
2.017116727727177192e+02
1.749718158281910689e+02
1.442595189384686876e+02
1.102862638847796291e+02
7.369106671137595299e+01
3.630533422549552114e+01
-1.627185184848011890e+00
-3.869011575146710413e+01
-7.413244892750881831e+01
-1.070121301322716789e+02
-1.359457225689213544e+02
-1.611045088884944505e+02
-1.812170447967575342e+02
-1.961383988197565031e+02
-2.054074253585465897e+02
-2.090175366188571786e+02
-2.068962668637111904e+02
-1.992676010983103936e+02
-1.864345778591041949e+02
-1.687924648023310112e+02
-1.470263925321373790e+02
-1.215250409104910005e+02
-9.352691526027216185e+01
-6.320988602678815482e+01
-3.183880971000178661e+01
-5.072601588392587901e-01
3.062665556420407853e+01
6.015973727948195915e+01
8.740685438284786812e+01
1.120452049550404325e+02
1.329219249986977047e+02
1.500831290737141899e+02
1.626658161306360739e+02
1.707556274949816668e+02
1.739177687448887184e+02
1.725211563595130997e+02
1.664406222477126391e+02
1.559396781803129102e+02
1.414531185791761629e+02
1.233762111005407576e+02
1.022557426688698001e+02
7.880978285966301655e+01
5.382886698539718395e+01
2.785319417626475413e+01
1.455902533811379129e+00
-2.440777777272017701e+01
-4.917788423032553879e+01
-7.200459137809218646e+01
-9.264415082800644541e+01
-1.103850807988392262e+02
-1.244500215666550247e+02
-1.352013018163390541e+02
-1.421711881546758889e+02
-1.448721838056381728e+02
-1.438576634879596554e+02
-1.390353980818513833e+02
-1.304910289128316663e+02
-1.187186405511984759e+02
-1.037314085854930994e+02
-8.645162421360510052e+01
-6.713621141208942333e+01
-4.633854489967981749e+01
-2.455929704094489097e+01
-2.826163742104441656e+00
1.884109161402961163e+01
3.936865856134298980e+01
5.859184224306970634e+01
7.591774117485218198e+01
9.074027828379156801e+01
1.030067512157227299e+02
1.120320293664991453e+02
1.178161127361208287e+02
1.205368717698950292e+02
1.197529242516889099e+02
1.159847059288829882e+02
1.091202242988763942e+02
9.926488406999936842e+01
8.690618201827923883e+01
7.265678301088551905e+01
5.674067205301994221e+01
3.925007826447147607e+01
2.123246093427183112e+01
2.878866096269559360e+00
-1.487523946310449752e+01
-3.214184824645121807e+01
-4.800525685015166744e+01
-6.241935071431138482e+01
-7.501521335977453475e+01
-8.508795079958268559e+01
-9.278908230196051932e+01
-9.801979095284845300e+01
-1.003123433590310754e+02
-9.975896864029733990e+01
-9.665611753882603807e+01
-9.101037784888778504e+01
-8.296009325016605374e+01
-7.283465345619279674e+01
-6.084486788362849552e+01
-4.771539390224351962e+01
-3.355163622036811688e+01
-1.875545028851129459e+01
-3.504706551980333540e+00
1.145617423664248058e+01
2.585709251226091610e+01
3.911173458478804577e+01
5.114763471724681665e+01
6.167492996172909869e+01
7.002825309690027211e+01
7.651064265920976482e+01
8.068071643252470437e+01
8.268999368506982250e+01
8.260435235955149835e+01
8.000217362264881160e+01
7.531825189622396977e+01
6.880292336256128749e+01
6.048912699301394724e+01
5.066672573549011815e+01
3.973098724622817457e+01
2.785978197053539418e+01
1.553401889016847015e+01
3.293897135319862279e+00
-9.143858447647938092e+00
-2.101506372334072026e+01
-3.214843604072185457e+01
-4.210259318365847747e+01
-5.074577926673779871e+01
-5.782107031340486003e+01
-6.340751985490734910e+01
-6.712962361781879395e+01
-6.871728203704296334e+01
-6.859211394590080602e+01
-6.667506581314465564e+01
-6.293319866742128710e+01
-5.747850501133159185e+01
-5.067331352976076175e+01
-4.280089937634628683e+01
-3.374268225421666756e+01
-2.412450261908266924e+01
-1.376849002563702307e+01
-3.432240815003296142e+00
6.917183984171710875e+00
1.687792892137897383e+01
2.613377987162778737e+01
3.432899594430360679e+01
4.164803537898433916e+01
4.776150846213800349e+01
5.224120856617301456e+01
5.519912819369024959e+01
5.683948896707953935e+01
5.676043543583186590e+01
5.506078451400681217e+01
5.212921606357213733e+01
4.774174507932607980e+01
4.207624200657591729e+01
3.552797450156003123e+01
2.814305712417290195e+01
2.009277252545115999e+01
1.164722027049103303e+01
2.878866096269559360e+00
-5.461281450360331746e+00
-1.371578767147190625e+01
-2.146303373374422208e+01
-2.830775198093889600e+01
-3.444757624117512051e+01
-3.950041444675578362e+01
-4.332133512372682560e+01
-4.592351386062951946e+01
-4.717519477205106426e+01
-4.728718727465194149e+01
-4.601574298041847300e+01
-4.361778586590561702e+01
-4.001426239986568589e+01
-3.555432567864259141e+01
-3.004034187411714285e+01
-2.373582275711492784e+01
-1.713485289793392141e+01
-1.016496655959709372e+01
-3.155553455636427973e+00
3.873623031136157913e+00
1.073151686687211104e+01
1.714144069220456146e+01
2.310339450713351184e+01
2.796518667886563136e+01
3.233948207457040525e+01
3.551479891301875114e+01
3.762948087389410290e+01
3.879552045979733776e+01
3.890092516812757140e+01
3.796545838169673459e+01
3.601547127758737332e+01
3.295873473601054116e+01
2.921686759028717617e+01
2.480304542895856201e+01
1.980949737181365222e+01
1.420328444749924479e+01
8.564132551831642459e+00
2.542888588466933442e+00
-3.359775078026259187e+00
-9.031865945047062638e+00
-1.434821592145331870e+01
-1.924294706453863313e+01
-2.324173818681694570e+01
-2.675962032733855978e+01
-2.951990612673660408e+01
-3.144354205376340516e+01
-3.228677972040529198e+01
-3.251076472560703934e+01
-3.156212235063491889e+01
-2.997446393141074594e+01
-2.769508711376940013e+01
-2.466470174927512815e+01
-2.092942239782240321e+01
-1.661441715055338619e+01
-1.222694616630732867e+01
-7.299276051868814896e+00
-2.575827559820132340e+00
2.345254760347741829e+00
7.134581195102821738e+00
1.150228879653695913e+01
1.543520197610887479e+01
1.894649632235984882e+01
2.186488918425324357e+01
2.409815144200011261e+01
2.573192442111876233e+01
2.664762782473768610e+01
2.658833767630192568e+01
2.608766531173330705e+01
2.491503793155943569e+01
2.292552406182624125e+01
2.049462797596018149e+01
1.730613554897055550e+01
1.370261208293062616e+01
1.005297405699622004e+01
6.291343528460936696e+00
2.029040635357035161e+00
-1.857757984320402178e+00
-5.889488077951913425e+00
-9.486423749721202725e+00
-1.297795471316025662e+01
-1.607421802036092728e+01
-1.851828969476826359e+01
-2.034310870773546753e+01
-2.179901124154684666e+01
-2.258954655402361311e+01
-2.261589773110617330e+01
-2.212840095507883476e+01
-2.124563652281311121e+01
-1.953939780671742099e+01
-1.758282290833742323e+01
-1.503334652559985152e+01
-1.198319777829365762e+01
-8.814468734115951776e+00
-5.705029838374001017e+00
-2.312315788994543375e+00
1.179215174444510739e+00
4.624631577989086750e+00
7.483734291446726417e+00
1.031648582782180767e+01
1.282643544493554266e+01
1.509922446830624843e+01
1.674617303596618001e+01
1.793856379895196795e+01
1.870933572861681782e+01
1.873568690569937445e+01
1.839312160362610982e+01
1.758941070260806327e+01
1.627185184848011801e+01
1.452608636676059284e+01
1.253657249702739485e+01
1.009908861689069681e+01
7.358566200304571758e+00
4.657570549342285204e+00
1.857757984320402178e+00
-1.034283700490436608e+00
-3.873623031136157913e+00
-6.390160442520532946e+00
-8.880346676822348684e+00
-1.083692157520234645e+01
-1.273420632514658735e+01
-1.398588723656813393e+01
-1.506628549695304997e+01
-1.538249962194375620e+01
-1.572506492401702261e+01
-1.543520197610887479e+01
-1.485547608029257916e+01
-1.389365811677917861e+01
-1.255633587983931498e+01
-1.072492907260147099e+01
-8.564132551831642459e+00
-6.653672213346121467e+00
-4.229363921750702637e+00
-1.805055630155284474e+00
5.138479531098985031e-01
2.582415354090771942e+00
4.697097314966123704e+00
6.759076921676356875e+00
8.794705351304031637e+00
1.024402009084477072e+01
1.134418173404160513e+01
1.220059498922477026e+01
1.276714529649978580e+01
1.292525235899513980e+01
1.266174058816955039e+01
1.227306072620180721e+01
1.128489158560584826e+01
9.947569348665982858e+00
8.544369169019722321e+00
7.016000898231306238e+00
5.276823210782419338e+00
3.320248312402421131e+00
1.436139150999459879e+00
-4.743211874860601696e-01
-2.397957114512859533e+00
-4.308417452998379638e+00
-5.994892786282148833e+00
-7.562787822694403417e+00
-8.807880939845311730e+00
-9.796050080441270680e+00
-1.017814214813837381e+01
-1.058658539291803713e+01
-1.077763142676658958e+01
-1.065905112989507408e+01
-1.023743229657413067e+01
-9.552301692427599633e+00
-8.616834905996759275e+00
-7.483734291446726417e+00
-6.172763231589422084e+00
-4.697097314966123704e+00
-3.023797570223633269e+00
-1.581070624953533788e+00
1.317558854127944823e-01
1.587658419224173612e+00
3.221431398342825325e+00
4.578517018094608204e+00
5.797258958162957221e+00
6.956710749795548487e+00
7.668192531024638825e+00
8.175452689863897504e+00
8.900110059634267046e+00
8.867171088281068592e+00
8.689300642973796229e+00
8.399437695065648413e+00
7.760421650813595029e+00
7.081878840937704034e+00
6.021243963364708129e+00
4.954021291521073067e+00
3.807745088429760560e+00
2.450659468677977237e+00
1.172627380173870915e+00
-2.239850052017506310e-01
-1.554719447870974935e+00
-2.766873593668684350e+00
-3.906562002489356367e+00
-5.013311439956829929e+00
-5.876312489410634221e+00
-6.607557653451643809e+00
-7.174107960726659350e+00
-7.450795320093527963e+00
-7.503497674258645667e+00
-7.450795320093527963e+00
-7.272924874786255600e+00
-6.660260007616761513e+00
-6.034419551905987333e+00
-5.283411005053058496e+00
-4.354532012892858184e+00
-3.445416403544575790e+00
-2.193735492123028319e+00
-1.291207677045385971e+00
-1.712826510366328436e-01
1.021108111949157182e+00
2.160796520769829421e+00
2.984270804599795213e+00
3.741867145723363208e+00
4.598280400906527454e+00
5.217533062346661588e+00
5.691854249832721813e+00
6.087121906071105037e+00
5.942190432117031129e+00
5.948778226387671175e+00
5.823610135245516517e+00
5.415166890465853200e+00
4.868379966002756021e+00
4.189837156126865025e+00
3.366362872296899234e+00
2.509949617113734988e+00
1.739177687448887122e+00
7.971231067474066068e-01
-2.173972109311108902e-01
-1.093573848926194136e+00
-1.976338281191917234e+00
-2.773461387939323952e+00
-3.386126255108818484e+00
-4.064669064984709479e+00
-4.538990252470769704e+00
-4.954021291521073067e+00
-5.066013794121947633e+00
-5.079189382663227725e+00
-5.158242913910903837e+00
-5.066013794121947633e+00
-4.802502023296359113e+00
-4.380883189975416592e+00
-3.807745088429760560e+00
-3.175316838448347223e+00
-2.391369320242219931e+00
-1.739177687448887122e+00
-1.047459289031716256e+00
-2.305727994723903440e-01
6.521916327933326984e-01
1.462490328082018731e+00
2.121269755145991365e+00
2.773461387939323952e+00
3.234606986884104529e+00
3.517882140521612744e+00
3.807745088429760560e+00
3.919737591030636015e+00
4.025142299360871867e+00
4.011966710819591775e+00
3.873623031136157913e+00
3.827508471241679811e+00
3.445416403544575790e+00
2.951331833246596315e+00
2.523125205655014192e+00
1.772116658802085798e+00
1.205566351527069591e+00
5.599625130043766053e-01
0.000000000000000000e+00
-6.653672213346121245e-01
-1.429551356728820277e+00
-1.824819012967203724e+00
-2.457247262948617283e+00
-2.786636976480603156e+00
-3.228019192613464927e+00
-3.478355374897774244e+00
-3.544233317604171596e+00
-3.531057729062892392e+00
-3.544233317604171596e+00
-3.359775078026259187e+00
-3.353187283755619585e+00
-2.990858598870434815e+00
-2.694407856691647396e+00
-2.213498874934947569e+00
-1.772116658802085798e+00
-1.310971059857305221e+00
-7.971231067474066068e-01
-3.886798619677437339e-01
2.371605937430300848e-01
9.091156093482819500e-01
1.337322236939864073e+00
1.844582395779122752e+00
2.233262257746866375e+00
2.325491377535822579e+00
2.542888588466933442e+00
2.865690507728280156e+00
2.806400359292522406e+00
2.470422851489896487e+00
2.397957114512859533e+00
2.615354325443970396e+00
2.351842554618381431e+00
1.989513869733196660e+00
1.475665916623298157e+00
1.126512820279392812e+00
8.695888437244435609e-01
4.347944218622217805e-01
-3.293897135319862057e-02
-6.653672213346121245e-01
-9.354667864308408021e-01
-1.198978557256429767e+00
-1.673299744742489992e+00
-1.949987104109358382e+00
-2.239850052017506421e+00
-2.496774028572455340e+00
-2.569239765549492294e+00
-2.457247262948617283e+00
-2.661468885338448498e+00
-2.523125205655014192e+00
-2.470422851489896487e+00
-2.285964611911984523e+00
-1.864345778591042002e+00
-1.640360773389291316e+00
-1.409787973916901027e+00
-9.815813463253189042e-01
-6.060770728988545963e-01
-2.503361822843095386e-01
2.437483880136697978e-01
5.533747187337368922e-01
1.001344729137238154e+00
1.146276203091312063e+00
1.469078122352658555e+00
1.712826510366328270e+00
1.699650921825048844e+00
1.923635927026799530e+00
1.989513869733196660e+00
1.890696955673600854e+00
1.818231218696563900e+00
1.805055630155284474e+00
1.607421802036092640e+00
1.363673414022422925e+00
1.192390762985790165e+00
9.025278150776422370e-01
4.874967760273395956e-01
3.425653020732656873e-01
-2.635117708255889715e-02
-3.491530963439054003e-01
-6.785428098758915505e-01
-8.168864895593258568e-01
-1.093573848926194136e+00
-1.357085619751783101e+00
-1.422963562458180453e+00
-1.706238716095688668e+00
-1.910460338485520104e+00
-1.890696955673600854e+00
-1.857757984320402178e+00
-1.719414304636968094e+00
-1.791880041614005048e+00
-1.620597390577372066e+00
-1.528368270788416083e+00
-1.126512820279392812e+00
-8.234742838299655698e-01
-6.653672213346121245e-01
-5.731381015456560313e-01
-2.503361822843095386e-01
7.246573697703696804e-02
2.173972109311108902e-01
4.743211874860601696e-01
8.630010494538038479e-01
9.091156093482819500e-01
1.093573848926194136e+00
1.225329734338988619e+00
1.284619882774746147e+00
1.350497825481143499e+00
1.238505322880268267e+00
1.245093117150907869e+00
1.027695906219797006e+00
1.093573848926194136e+00
8.037109010180463198e-01
6.126648671694943094e-01
4.874967760273395956e-01
3.623286848851848263e-01
1.119925026008753155e-01
-9.222911978895613483e-02
-2.108094166604711772e-01
-6.060770728988545963e-01
-6.390160442520532724e-01
-8.761766379950833850e-01
-8.168864895593258568e-01
-9.288789921602010891e-01
-1.073810466114275108e+00
-1.212154145797709193e+00
-1.436139150999459879e+00
-1.146276203091312063e+00
-1.067222671843635284e+00
-1.245093117150907869e+00
-1.040871494761076432e+00
-9.618179635133997651e-01
-8.630010494538038479e-01
-6.917183984171710875e-01
-5.863136900869354573e-01
-2.700995650962286776e-01
-1.449314739540739361e-01
-2.635117708255889715e-02
1.778704453072725566e-01
2.173972109311108902e-01
4.545578046741409750e-01
5.863136900869354573e-01
6.060770728988545963e-01
6.785428098758915505e-01
7.312451640410093656e-01
8.102986952886860328e-01
8.168864895593258568e-01
8.102986952886860328e-01
7.575963411235683287e-01
5.665503072750163183e-01
6.719550156052518375e-01
5.533747187337368922e-01
3.425653020732656873e-01
3.820920676971040209e-01
7.905353124767669493e-02
5.270235416511779430e-02
-1.976338281191917234e-01
-4.216188333209423544e-01
-4.479700104035012620e-01
-6.521916327933326984e-01
-7.180695754997299396e-01
-8.695888437244435609e-01
-8.630010494538038479e-01
-1.001344729137238154e+00
-9.815813463253189042e-01
-1.014520317678517580e+00
-9.420545807014806261e-01
-8.366498723712449959e-01
-8.432376666418847089e-01
-7.575963411235683287e-01
-7.905353124767668938e-01
-5.138479531098985031e-01
-2.898629479081478721e-01
-1.317558854127944823e-01
-2.042216223898314642e-01
-1.581070624953533899e-01
5.270235416511779430e-02
7.246573697703696804e-02
1.251680911421547693e-01
2.700995650962286776e-01
3.886798619677437339e-01
3.689164791558245393e-01
4.347944218622217805e-01
4.479700104035012620e-01
3.623286848851848263e-01
4.874967760273395956e-01
4.479700104035012620e-01
4.347944218622217805e-01
3.886798619677437339e-01
3.820920676971040209e-01
2.108094166604711772e-01
2.108094166604711772e-01
-1.317558854127944858e-02
-1.383436796834342231e-01
-1.054047083302355886e-01
-2.437483880136697978e-01
-4.611455989447806880e-01
-6.719550156052518375e-01
-7.641841353942080417e-01
-5.401991301924573552e-01
-6.587794270639724115e-01
-7.378329583116490786e-01
-6.917183984171710875e-01
-5.797258958162957443e-01
-6.587794270639724115e-01
-7.641841353942080417e-01
-6.126648671694943094e-01
-5.401991301924573552e-01
-5.599625130043766053e-01
-6.192526614401341334e-01
-3.162141249907067797e-01
-1.054047083302355886e-01
-1.515192682247136491e-01
-5.929014843575752119e-02
-5.929014843575752119e-02
2.635117708255889715e-02
5.929014843575752119e-02
2.371605937430300848e-01
2.437483880136697978e-01
3.425653020732656873e-01
2.766873593668684461e-01
2.964507421787875852e-01
4.216188333209423544e-01
4.216188333209423544e-01
2.437483880136697978e-01
4.216188333209423544e-01
1.515192682247136491e-01
9.222911978895613483e-02
7.905353124767669493e-02
1.976338281191917373e-02
-1.317558854127944858e-02
-1.515192682247136491e-01
-3.162141249907067797e-01
-2.898629479081478721e-01
-3.030385364494272982e-01
-3.952676562383834469e-01
-3.755042734264643078e-01
-4.413822161328615490e-01
-4.216188333209423544e-01
-4.611455989447806880e-01
-5.994892786282148833e-01
-5.533747187337368922e-01
-3.689164791558245393e-01
-4.874967760273395956e-01
-5.731381015456560313e-01
-2.503361822843095386e-01
-2.898629479081478721e-01
-3.557408906145451133e-01
-4.413822161328615490e-01
-5.929014843575752119e-02
-1.976338281191917234e-01
-1.251680911421547693e-01
-5.270235416511779430e-02
-1.976338281191917373e-02
1.383436796834342231e-01
2.108094166604711772e-01
1.910460338485520104e-01
1.317558854127944823e-01
1.844582395779122697e-01
1.712826510366328436e-01
1.910460338485520104e-01
3.162141249907067797e-01
1.383436796834342231e-01
0.000000000000000000e+00
1.317558854127944823e-01
7.246573697703696804e-02
1.054047083302355886e-01
2.635117708255889715e-02
-1.646948567659931029e-01
-1.581070624953533899e-01
-6.587794270639724115e-02
-1.185802968715150424e-01
-1.778704453072725566e-01
-2.700995650962286776e-01
-2.766873593668684461e-01
-3.820920676971040209e-01
-4.282066275915820674e-01
-4.611455989447806880e-01
-5.401991301924573552e-01
-4.347944218622217805e-01
-5.731381015456560313e-01
-4.282066275915820674e-01
-3.425653020732656873e-01
-4.479700104035012620e-01
-3.557408906145451133e-01
-2.766873593668684461e-01
-1.646948567659931029e-01
-2.832751536375081591e-01
-2.042216223898314642e-01
-1.054047083302355886e-01
7.905353124767669493e-02
-1.119925026008753155e-01
-4.611455989447806741e-02
-3.952676562383834746e-02
3.952676562383834746e-02
4.611455989447806741e-02
-7.246573697703696804e-02
-3.952676562383834746e-02
1.646948567659931029e-01
1.185802968715150424e-01
2.108094166604711772e-01
1.185802968715150424e-01
7.905353124767669493e-02
-1.976338281191917373e-02
-5.929014843575752119e-02
-2.437483880136697978e-01
-1.317558854127944823e-01
-2.635117708255889646e-01
-1.844582395779122697e-01
-6.587794270639724115e-02
-1.844582395779122697e-01
-3.491530963439054003e-01
-3.030385364494272982e-01
-3.820920676971040209e-01
-5.336113359218176422e-01
-2.898629479081478721e-01
-3.359775078026259187e-01
-3.293897135319862057e-01
-3.557408906145451133e-01
-4.084432447796629284e-01
-2.173972109311108902e-01
-9.881691405959586172e-02
-3.820920676971040209e-01
-2.766873593668684461e-01
-2.964507421787875852e-01
-1.383436796834342231e-01
-2.239850052017506310e-01
-1.317558854127944823e-01
-1.844582395779122697e-01
-5.929014843575752119e-02
-1.976338281191917373e-02
-2.173972109311108902e-01
-1.054047083302355886e-01
-3.293897135319862057e-02
1.976338281191917373e-02
1.119925026008753155e-01
3.952676562383834746e-02
1.119925026008753155e-01
1.317558854127944823e-01
-6.587794270639724288e-03
7.905353124767669493e-02
-7.905353124767669493e-02
-2.371605937430300848e-01
-9.222911978895613483e-02
-1.251680911421547693e-01
-2.503361822843095386e-01
-2.108094166604711772e-01
-2.635117708255889646e-01
-8.564132551831642182e-02
-3.623286848851848263e-01
-3.557408906145451133e-01
-1.844582395779122697e-01
-2.635117708255889646e-01
-4.018554505090231599e-01
-4.018554505090231599e-01
-1.712826510366328436e-01
-2.700995650962286776e-01
-3.096263307200670667e-01
-4.018554505090231599e-01
-1.778704453072725566e-01
-2.503361822843095386e-01
-2.437483880136697978e-01
-1.844582395779122697e-01
-2.964507421787875852e-01
-1.844582395779122697e-01
-1.844582395779122697e-01
-1.515192682247136491e-01
-7.246573697703696804e-02
-5.270235416511779430e-02
-1.976338281191917373e-02
-2.108094166604711772e-01
0.000000000000000000e+00
1.185802968715150424e-01
-7.905353124767669493e-02
-1.449314739540739361e-01
-1.976338281191917234e-01
-1.449314739540739361e-01
-1.317558854127944823e-01
-2.766873593668684461e-01
-9.222911978895613483e-02
-1.185802968715150424e-01
1.976338281191917373e-02
2.635117708255889715e-02
-7.905353124767669493e-02
6.587794270639724288e-03
6.587794270639724288e-03
1.976338281191917373e-02
-9.222911978895613483e-02
-1.383436796834342231e-01
-6.587794270639724288e-03
-1.317558854127944823e-01
-2.503361822843095386e-01
-2.832751536375081591e-01
-1.844582395779122697e-01
-8.564132551831642182e-02
-8.564132551831642182e-02
-1.646948567659931029e-01
-1.317558854127944823e-01
-1.449314739540739361e-01
-2.371605937430300848e-01
-2.635117708255889646e-01
-1.185802968715150424e-01
-2.635117708255889715e-02
-7.905353124767669493e-02
-1.383436796834342231e-01
-1.778704453072725566e-01
-1.054047083302355886e-01
1.119925026008753155e-01
-3.293897135319862057e-02
-9.881691405959586172e-02
4.611455989447806741e-02
6.587794270639724288e-03
-1.119925026008753155e-01
-1.317558854127944858e-02
-1.185802968715150424e-01
-4.611455989447806741e-02
-1.054047083302355886e-01
-1.646948567659931029e-01
-7.246573697703696804e-02
-8.564132551831642182e-02
-1.119925026008753155e-01
-9.881691405959586172e-02
-2.635117708255889715e-02
-1.119925026008753155e-01
-4.611455989447806741e-02
-6.587794270639724115e-02
-1.712826510366328436e-01
-1.383436796834342231e-01
-1.251680911421547693e-01
-1.185802968715150424e-01
-2.305727994723903440e-01
-1.515192682247136491e-01
-3.425653020732656873e-01
-2.964507421787875852e-01
-9.222911978895613483e-02
-9.222911978895613483e-02
-1.581070624953533899e-01
-3.425653020732656873e-01
-3.162141249907067797e-01
-1.515192682247136491e-01
-1.383436796834342231e-01
-2.898629479081478721e-01
-1.712826510366328436e-01
-1.910460338485520104e-01
-3.096263307200670667e-01
-1.712826510366328436e-01
-1.910460338485520104e-01
-2.042216223898314642e-01
-2.239850052017506310e-01
-9.881691405959586172e-02
1.317558854127944858e-02
-5.270235416511779430e-02
-1.976338281191917373e-02
1.317558854127944823e-01
3.952676562383834746e-02
-1.712826510366328436e-01
-4.611455989447806741e-02
-1.251680911421547693e-01
3.952676562383834746e-02
-1.054047083302355886e-01
-1.317558854127944823e-01
-1.515192682247136491e-01
-1.712826510366328436e-01
-1.778704453072725566e-01
-9.881691405959586172e-02
-3.228019192613464927e-01
-2.766873593668684461e-01
-1.251680911421547693e-01
-1.185802968715150424e-01
-1.383436796834342231e-01
-2.832751536375081591e-01
-1.581070624953533899e-01
-2.503361822843095386e-01
-1.185802968715150424e-01
-1.844582395779122697e-01
-2.305727994723903440e-01
-2.042216223898314642e-01
-2.964507421787875852e-01
-1.976338281191917234e-01
-1.844582395779122697e-01
-1.976338281191917234e-01
-1.515192682247136491e-01
-6.587794270639724115e-02
3.952676562383834746e-02
-1.054047083302355886e-01
-6.587794270639724115e-02
-2.635117708255889715e-02
6.587794270639724288e-03
-9.222911978895613483e-02
-1.976338281191917373e-02
-7.905353124767669493e-02
-2.108094166604711772e-01
-4.611455989447806741e-02
-1.646948567659931029e-01
-2.437483880136697978e-01
-2.108094166604711772e-01
-9.222911978895613483e-02
3.293897135319862057e-02
-1.383436796834342231e-01
-1.976338281191917234e-01
-2.832751536375081591e-01
-1.646948567659931029e-01
-1.712826510366328436e-01
-2.437483880136697978e-01
-1.251680911421547693e-01
-1.449314739540739361e-01
-2.371605937430300848e-01
-2.305727994723903440e-01
-4.611455989447806741e-02
-1.581070624953533899e-01
-2.371605937430300848e-01
-8.564132551831642182e-02
-7.246573697703696804e-02
-1.976338281191917234e-01
-1.910460338485520104e-01
-9.222911978895613483e-02
1.317558854127944858e-02
-7.905353124767669493e-02
-1.317558854127944858e-02
-1.054047083302355886e-01
-2.108094166604711772e-01
-2.503361822843095386e-01
-1.515192682247136491e-01
-5.270235416511779430e-02
-1.646948567659931029e-01
-8.564132551831642182e-02
-5.929014843575752119e-02
6.587794270639724288e-03
-3.293897135319862057e-02
-1.119925026008753155e-01
-7.246573697703696804e-02
-1.515192682247136491e-01
-3.293897135319862057e-02
-1.317558854127944823e-01
-1.515192682247136491e-01
-1.844582395779122697e-01
-1.778704453072725566e-01
-7.905353124767669493e-02
-1.976338281191917234e-01
1.976338281191917373e-02
-1.449314739540739361e-01
-7.905353124767669493e-02
-1.515192682247136491e-01
-1.449314739540739361e-01
-2.371605937430300848e-01
-1.317558854127944823e-01
-1.515192682247136491e-01
-2.042216223898314642e-01
-7.905353124767669493e-02
-1.251680911421547693e-01
-1.054047083302355886e-01
-1.515192682247136491e-01
-2.964507421787875852e-01
-1.383436796834342231e-01
-2.173972109311108902e-01
-8.564132551831642182e-02
-9.222911978895613483e-02
-2.108094166604711772e-01
-1.844582395779122697e-01
-2.173972109311108902e-01
-2.042216223898314642e-01
-2.108094166604711772e-01
-1.054047083302355886e-01
-1.778704453072725566e-01
-9.222911978895613483e-02
1.515192682247136491e-01
-1.449314739540739361e-01
-2.766873593668684461e-01
-2.239850052017506310e-01
-1.844582395779122697e-01
-2.173972109311108902e-01
-7.246573697703696804e-02
-9.881691405959586172e-02
-2.239850052017506310e-01
-1.449314739540739361e-01
-2.766873593668684461e-01
-1.185802968715150424e-01
3.293897135319862057e-02
2.042216223898314642e-01
-1.119925026008753155e-01
-1.185802968715150424e-01
4.611455989447806741e-02
1.317558854127944858e-02
-9.222911978895613483e-02
-1.449314739540739361e-01
-6.587794270639724288e-03
-1.449314739540739361e-01
-1.317558854127944823e-01
-6.587794270639724288e-03
-1.646948567659931029e-01
-7.246573697703696804e-02
-9.881691405959586172e-02
-6.587794270639724115e-02
1.581070624953533899e-01
-3.952676562383834746e-02
-2.173972109311108902e-01
-1.449314739540739361e-01
6.587794270639724288e-03
-1.119925026008753155e-01
-1.251680911421547693e-01
-1.317558854127944823e-01
-1.515192682247136491e-01
-1.449314739540739361e-01
6.587794270639724115e-02
-2.569239765549492516e-01
-1.515192682247136491e-01
-3.293897135319862057e-02
1.317558854127944858e-02
-1.251680911421547693e-01
-6.587794270639724115e-02
-5.929014843575752119e-02
-6.587794270639724115e-02
-2.042216223898314642e-01
-3.293897135319862057e-02
-2.503361822843095386e-01
-1.119925026008753155e-01
-5.929014843575752119e-02
-2.503361822843095386e-01
-1.646948567659931029e-01
-1.185802968715150424e-01
-1.712826510366328436e-01
-1.383436796834342231e-01
-2.635117708255889646e-01
-1.449314739540739361e-01
-1.251680911421547693e-01
-1.581070624953533899e-01
-2.042216223898314642e-01
-1.449314739540739361e-01
-5.270235416511779430e-02
-1.515192682247136491e-01
-3.096263307200670667e-01
-1.185802968715150424e-01
-6.587794270639724288e-03
-3.623286848851848263e-01
-2.503361822843095386e-01
-1.054047083302355886e-01
-1.515192682247136491e-01
-9.881691405959586172e-02
-4.611455989447806741e-02
-2.635117708255889715e-02
-9.881691405959586172e-02
-1.449314739540739361e-01
-1.251680911421547693e-01
-1.976338281191917234e-01
-1.844582395779122697e-01
-2.371605937430300848e-01
-2.305727994723903440e-01
-7.246573697703696804e-02
5.929014843575752119e-02
-6.587794270639724115e-02
-7.905353124767669493e-02
-3.293897135319862057e-02
-1.581070624953533899e-01
-1.976338281191917234e-01
-1.185802968715150424e-01
-2.371605937430300848e-01
-1.581070624953533899e-01
-2.173972109311108902e-01
-9.222911978895613483e-02
-7.246573697703696804e-02
-5.929014843575752119e-02
-1.383436796834342231e-01
-1.646948567659931029e-01
-3.359775078026259187e-01
-5.929014843575752119e-02
-1.317558854127944858e-02
-2.173972109311108902e-01
-3.096263307200670667e-01
-8.564132551831642182e-02
-2.042216223898314642e-01
-1.185802968715150424e-01
-6.587794270639724115e-02
-9.881691405959586172e-02
-1.383436796834342231e-01
-3.096263307200670667e-01
-3.952676562383834746e-02
-1.976338281191917234e-01
-1.185802968715150424e-01
-9.222911978895613483e-02
-1.515192682247136491e-01
2.635117708255889715e-02
-1.976338281191917373e-02
-3.293897135319862057e-02
-7.246573697703696804e-02
-2.635117708255889646e-01
-2.569239765549492516e-01
-1.054047083302355886e-01
-1.449314739540739361e-01
-9.881691405959586172e-02
-2.437483880136697978e-01
-1.712826510366328436e-01
-2.108094166604711772e-01
-2.042216223898314642e-01
-2.239850052017506310e-01
-1.185802968715150424e-01
-9.222911978895613483e-02
-1.910460338485520104e-01
-6.587794270639724115e-02
-1.646948567659931029e-01
-1.449314739540739361e-01
-3.030385364494272982e-01
-2.635117708255889646e-01
-1.646948567659931029e-01
6.587794270639724288e-03
-1.185802968715150424e-01
-2.239850052017506310e-01
-2.173972109311108902e-01
-1.383436796834342231e-01
-1.383436796834342231e-01
-1.119925026008753155e-01
-3.293897135319862057e-01
-1.712826510366328436e-01
-4.611455989447806741e-02
-5.270235416511779430e-02
-9.222911978895613483e-02
-7.246573697703696804e-02
-1.185802968715150424e-01
-1.778704453072725566e-01
-7.246573697703696804e-02
-1.515192682247136491e-01
-9.881691405959586172e-02
-1.778704453072725566e-01
-1.646948567659931029e-01
-9.222911978895613483e-02
-9.881691405959586172e-02
-1.119925026008753155e-01
-1.712826510366328436e-01
-2.305727994723903440e-01
-9.881691405959586172e-02
-7.246573697703696804e-02
-2.832751536375081591e-01
-1.778704453072725566e-01
-7.905353124767669493e-02
-2.305727994723903440e-01
-6.587794270639724288e-03
-7.905353124767669493e-02
-1.449314739540739361e-01
-2.042216223898314642e-01
-1.185802968715150424e-01
-1.119925026008753155e-01
-1.712826510366328436e-01
-1.449314739540739361e-01
-9.222911978895613483e-02
-2.371605937430300848e-01
-2.437483880136697978e-01
-1.515192682247136491e-01
-1.383436796834342231e-01
-7.246573697703696804e-02
-1.119925026008753155e-01
-3.030385364494272982e-01
-1.251680911421547693e-01
-1.712826510366328436e-01
-1.515192682247136491e-01
-1.844582395779122697e-01
-2.042216223898314642e-01
-1.119925026008753155e-01
-1.119925026008753155e-01
-2.239850052017506310e-01
9.222911978895613483e-02
-4.611455989447806741e-02
-2.305727994723903440e-01
-1.778704453072725566e-01
-6.587794270639724288e-03
-1.581070624953533899e-01
-2.305727994723903440e-01
-9.881691405959586172e-02
-1.515192682247136491e-01
-2.305727994723903440e-01
-3.293897135319862057e-02
-2.700995650962286776e-01
-1.910460338485520104e-01
-7.905353124767669493e-02
-9.881691405959586172e-02
-1.383436796834342231e-01
-1.778704453072725566e-01
-3.359775078026259187e-01
-2.042216223898314642e-01
-1.185802968715150424e-01
-1.646948567659931029e-01
-1.976338281191917234e-01
-5.270235416511779430e-02
-5.929014843575752119e-02
-5.270235416511779430e-02
-2.371605937430300848e-01
-2.108094166604711772e-01
-1.054047083302355886e-01
-1.251680911421547693e-01
-5.929014843575752119e-02
-7.246573697703696804e-02
-8.564132551831642182e-02
1.317558854127944858e-02
-9.881691405959586172e-02
-1.054047083302355886e-01
-1.646948567659931029e-01
-2.503361822843095386e-01
-9.881691405959586172e-02
-1.317558854127944823e-01
-1.383436796834342231e-01
-2.832751536375081591e-01
-2.239850052017506310e-01
-9.222911978895613483e-02
-1.383436796834342231e-01
-1.515192682247136491e-01
-1.976338281191917234e-01
-9.222911978895613483e-02
-5.270235416511779430e-02
-1.185802968715150424e-01
-2.503361822843095386e-01
-1.185802968715150424e-01
-7.905353124767669493e-02
-3.293897135319862057e-02
-1.449314739540739361e-01
-1.646948567659931029e-01
-1.251680911421547693e-01
-2.766873593668684461e-01
-1.185802968715150424e-01
-5.929014843575752119e-02
-1.317558854127944858e-02
-7.246573697703696804e-02
-1.185802968715150424e-01
-2.832751536375081591e-01
-1.778704453072725566e-01
-1.383436796834342231e-01
-1.844582395779122697e-01
-5.270235416511779430e-02
-3.952676562383834746e-02
-6.587794270639724288e-03
-1.646948567659931029e-01
-9.881691405959586172e-02
-1.844582395779122697e-01
-2.700995650962286776e-01
-2.305727994723903440e-01
-3.096263307200670667e-01
-1.778704453072725566e-01
-1.251680911421547693e-01
-9.881691405959586172e-02
-1.515192682247136491e-01
-1.844582395779122697e-01
-1.778704453072725566e-01
-3.228019192613464927e-01
-2.173972109311108902e-01
-2.832751536375081591e-01
3.952676562383834746e-02
-1.844582395779122697e-01
-1.119925026008753155e-01
-5.270235416511779430e-02
-2.569239765549492516e-01
-1.119925026008753155e-01
-1.383436796834342231e-01
-7.905353124767669493e-02
-1.976338281191917234e-01
-2.108094166604711772e-01
-6.587794270639724288e-03
-1.054047083302355886e-01
-1.976338281191917234e-01
-6.587794270639724288e-03
-1.054047083302355886e-01
-5.270235416511779430e-02
-2.173972109311108902e-01
-2.239850052017506310e-01
-2.898629479081478721e-01
-1.844582395779122697e-01
-1.976338281191917234e-01
-9.881691405959586172e-02
-1.185802968715150424e-01
-1.712826510366328436e-01
-3.293897135319862057e-01
-2.239850052017506310e-01
-1.054047083302355886e-01
-8.564132551831642182e-02
-4.611455989447806741e-02
-2.635117708255889715e-02
-1.581070624953533899e-01
-1.054047083302355886e-01
-1.449314739540739361e-01
-1.119925026008753155e-01
-1.910460338485520104e-01
-4.611455989447806741e-02
-1.317558854127944823e-01
-2.305727994723903440e-01
-1.778704453072725566e-01
-1.317558854127944858e-02
-3.030385364494272982e-01
-9.222911978895613483e-02
-9.222911978895613483e-02
-1.976338281191917234e-01
-1.317558854127944823e-01
-1.054047083302355886e-01
-1.054047083302355886e-01
-1.317558854127944858e-02
-1.844582395779122697e-01
1.976338281191917373e-02
3.952676562383834746e-02
-5.929014843575752119e-02
-9.222911978895613483e-02
-9.881691405959586172e-02
-2.371605937430300848e-01
-8.564132551831642182e-02
-2.173972109311108902e-01
-1.185802968715150424e-01
-3.491530963439054003e-01
-9.881691405959586172e-02
6.587794270639724115e-02
-8.564132551831642182e-02
-1.976338281191917373e-02
-2.569239765549492516e-01
-3.425653020732656873e-01
-1.778704453072725566e-01
-1.317558854127944823e-01
-2.635117708255889715e-02
-6.587794270639724115e-02
1.054047083302355886e-01
-1.515192682247136491e-01
-3.162141249907067797e-01
-2.898629479081478721e-01
-1.976338281191917234e-01
-6.587794270639724115e-02
-1.515192682247136491e-01
-1.054047083302355886e-01
-1.185802968715150424e-01
-2.173972109311108902e-01
-2.371605937430300848e-01
-1.185802968715150424e-01
-2.832751536375081591e-01
-1.383436796834342231e-01
-1.449314739540739361e-01
-2.108094166604711772e-01
-1.251680911421547693e-01
-1.778704453072725566e-01
6.587794270639724288e-03
-3.952676562383834746e-02
-5.929014843575752119e-02
-8.564132551831642182e-02
-9.222911978895613483e-02
-1.646948567659931029e-01
-2.305727994723903440e-01
-5.929014843575752119e-02
-1.515192682247136491e-01
-3.293897135319862057e-02
-7.905353124767669493e-02
-4.611455989447806741e-02
-8.564132551831642182e-02
-2.305727994723903440e-01
-3.557408906145451133e-01
-1.844582395779122697e-01
-1.251680911421547693e-01
-1.449314739540739361e-01
-1.317558854127944858e-02
-1.712826510366328436e-01
-2.305727994723903440e-01
-1.251680911421547693e-01
6.587794270639724288e-03
-6.587794270639724115e-02
-7.905353124767669493e-02
-1.383436796834342231e-01
-1.778704453072725566e-01
-1.317558854127944823e-01
0.000000000000000000e+00
-1.054047083302355886e-01
-2.635117708255889715e-02
-1.712826510366328436e-01
-9.222911978895613483e-02
-1.844582395779122697e-01
-1.646948567659931029e-01
-1.646948567659931029e-01
6.587794270639724288e-03
-1.910460338485520104e-01
-2.239850052017506310e-01
-1.251680911421547693e-01
-3.952676562383834746e-02
-2.239850052017506310e-01
-2.569239765549492516e-01
-5.929014843575752119e-02
-2.635117708255889715e-02
-2.503361822843095386e-01
-7.905353124767669493e-02
-1.449314739540739361e-01
-1.449314739540739361e-01
-1.251680911421547693e-01
-7.246573697703696804e-02
-2.503361822843095386e-01
-5.929014843575752119e-02
-8.564132551831642182e-02
-7.246573697703696804e-02
-6.587794270639724115e-02
-7.246573697703696804e-02
-1.449314739540739361e-01
-3.293897135319862057e-02
-3.952676562383834746e-02
-5.929014843575752119e-02
-1.581070624953533899e-01
-2.108094166604711772e-01
-2.239850052017506310e-01
-2.437483880136697978e-01
-1.515192682247136491e-01
-4.611455989447806741e-02
2.635117708255889715e-02
-1.054047083302355886e-01
-1.515192682247136491e-01
-5.270235416511779430e-02
-1.119925026008753155e-01
-9.881691405959586172e-02
-1.712826510366328436e-01
-2.371605937430300848e-01
-9.222911978895613483e-02
-1.581070624953533899e-01
-5.929014843575752119e-02
-2.305727994723903440e-01
-2.239850052017506310e-01
-1.646948567659931029e-01
-3.491530963439054003e-01
-2.108094166604711772e-01
-1.119925026008753155e-01
-7.905353124767669493e-02
-7.905353124767669493e-02
-9.881691405959586172e-02
-3.952676562383834469e-01
-1.844582395779122697e-01
-2.173972109311108902e-01
-1.646948567659931029e-01
-2.635117708255889715e-02
-1.778704453072725566e-01
-7.246573697703696804e-02
-7.246573697703696804e-02
-5.929014843575752119e-02
-7.905353124767669493e-02
-1.976338281191917234e-01
-5.929014843575752119e-02
-2.239850052017506310e-01
-2.503361822843095386e-01
-1.054047083302355886e-01
-6.587794270639724115e-02
-2.173972109311108902e-01
-1.251680911421547693e-01
6.587794270639724288e-03
-1.515192682247136491e-01
-1.844582395779122697e-01
-8.564132551831642182e-02
-9.881691405959586172e-02
-1.251680911421547693e-01
-1.515192682247136491e-01
-3.952676562383834746e-02
4.611455989447806741e-02
-1.844582395779122697e-01
-1.712826510366328436e-01
-9.881691405959586172e-02
-1.515192682247136491e-01
-5.270235416511779430e-02
-1.844582395779122697e-01
-1.646948567659931029e-01
-1.712826510366328436e-01
2.635117708255889715e-02
-7.905353124767669493e-02
-1.515192682247136491e-01
-6.587794270639724115e-02
-1.844582395779122697e-01
-2.569239765549492516e-01
-2.108094166604711772e-01
-3.293897135319862057e-01
-2.239850052017506310e-01
-1.119925026008753155e-01
-1.581070624953533899e-01
-3.162141249907067797e-01
-2.239850052017506310e-01
2.635117708255889715e-02
-1.119925026008753155e-01
-2.305727994723903440e-01
-1.383436796834342231e-01
-8.564132551831642182e-02
-8.564132551831642182e-02
7.246573697703696804e-02
-5.270235416511779430e-02
-3.293897135319862057e-02
-1.581070624953533899e-01
-2.108094166604711772e-01
-1.778704453072725566e-01
-1.646948567659931029e-01
-1.976338281191917373e-02
-3.293897135319862057e-02
-2.173972109311108902e-01
-1.646948567659931029e-01
-1.646948567659931029e-01
-8.564132551831642182e-02
-1.712826510366328436e-01
-1.646948567659931029e-01
-9.881691405959586172e-02
-1.844582395779122697e-01
-9.881691405959586172e-02
-9.881691405959586172e-02
-1.054047083302355886e-01
-2.437483880136697978e-01
-8.564132551831642182e-02
-9.881691405959586172e-02
-2.832751536375081591e-01
-2.635117708255889646e-01
-1.054047083302355886e-01
-1.581070624953533899e-01
-1.581070624953533899e-01
-1.119925026008753155e-01
-1.317558854127944823e-01
-8.564132551831642182e-02
-1.054047083302355886e-01
-1.646948567659931029e-01
-5.929014843575752119e-02
-7.246573697703696804e-02
-1.317558854127944823e-01
-9.222911978895613483e-02
2.635117708255889715e-02
-9.881691405959586172e-02
-6.587794270639724115e-02
-5.929014843575752119e-02
-3.952676562383834746e-02
-2.503361822843095386e-01
-2.635117708255889715e-02
-5.270235416511779430e-02
-3.952676562383834746e-02
-1.185802968715150424e-01
-2.173972109311108902e-01
6.587794270639724288e-03
-1.712826510366328436e-01
-2.832751536375081591e-01
-1.910460338485520104e-01
-2.239850052017506310e-01
-8.564132551831642182e-02
-1.317558854127944823e-01
-2.305727994723903440e-01
-3.162141249907067797e-01
-1.054047083302355886e-01
-3.293897135319862057e-02
-1.581070624953533899e-01
-1.515192682247136491e-01
-6.587794270639724288e-03
-1.383436796834342231e-01
-1.383436796834342231e-01
-2.898629479081478721e-01
-9.881691405959586172e-02
-1.383436796834342231e-01
-1.910460338485520104e-01
-1.581070624953533899e-01
-1.119925026008753155e-01
-1.251680911421547693e-01
-1.317558854127944823e-01
-2.503361822843095386e-01
-2.173972109311108902e-01
-1.778704453072725566e-01
-1.646948567659931029e-01
-1.251680911421547693e-01
-1.317558854127944858e-02
-8.564132551831642182e-02
-1.712826510366328436e-01
-5.929014843575752119e-02
-2.371605937430300848e-01
-9.222911978895613483e-02
-1.383436796834342231e-01
-2.108094166604711772e-01
-1.449314739540739361e-01
1.976338281191917373e-02
-2.108094166604711772e-01
-7.905353124767669493e-02
-9.222911978895613483e-02
-3.030385364494272982e-01
-2.305727994723903440e-01
-7.246573697703696804e-02
-1.515192682247136491e-01
-1.581070624953533899e-01
-1.383436796834342231e-01
-1.976338281191917373e-02
-3.952676562383834746e-02
-1.383436796834342231e-01
-2.371605937430300848e-01
-1.185802968715150424e-01
-1.844582395779122697e-01
-1.976338281191917373e-02
-1.778704453072725566e-01
-4.611455989447806741e-02
-9.222911978895613483e-02
-1.778704453072725566e-01
-9.881691405959586172e-02
-3.293897135319862057e-02
-5.270235416511779430e-02
-7.246573697703696804e-02
-5.929014843575752119e-02
-4.611455989447806741e-02
-5.270235416511779430e-02
-9.881691405959586172e-02
-2.305727994723903440e-01
-1.976338281191917234e-01
-2.305727994723903440e-01
-1.581070624953533899e-01
-2.832751536375081591e-01
-2.437483880136697978e-01
-1.383436796834342231e-01
-1.449314739540739361e-01
-1.910460338485520104e-01
-1.976338281191917234e-01
-2.635117708255889715e-02
-3.952676562383834746e-02
-2.108094166604711772e-01
-2.108094166604711772e-01
-3.293897135319862057e-02
-2.239850052017506310e-01
-1.317558854127944823e-01
-1.778704453072725566e-01
-2.503361822843095386e-01
-1.119925026008753155e-01
-1.054047083302355886e-01
-2.437483880136697978e-01
-1.581070624953533899e-01
-1.646948567659931029e-01
-2.569239765549492516e-01
-1.646948567659931029e-01
-1.778704453072725566e-01
-1.251680911421547693e-01
-1.054047083302355886e-01
-3.952676562383834746e-02
-1.054047083302355886e-01
5.929014843575752119e-02
-1.383436796834342231e-01
-5.270235416511779430e-02
-1.383436796834342231e-01
-2.305727994723903440e-01
-9.222911978895613483e-02
-2.635117708255889646e-01
-1.515192682247136491e-01
-1.054047083302355886e-01
-1.515192682247136491e-01
-3.359775078026259187e-01
-2.766873593668684461e-01
0.000000000000000000e+00
-1.646948567659931029e-01
-1.581070624953533899e-01
-1.712826510366328436e-01
-3.952676562383834746e-02
-1.251680911421547693e-01
-9.881691405959586172e-02
-7.905353124767669493e-02
3.293897135319862057e-02
-1.515192682247136491e-01
-1.515192682247136491e-01
-1.646948567659931029e-01
-2.239850052017506310e-01
-1.449314739540739361e-01
-1.778704453072725566e-01
-2.437483880136697978e-01
3.952676562383834746e-02
-8.564132551831642182e-02
-1.646948567659931029e-01
-1.449314739540739361e-01
-2.173972109311108902e-01
-5.270235416511779430e-02
-3.293897135319862057e-02
-7.905353124767669493e-02
-1.119925026008753155e-01
-1.251680911421547693e-01
-1.712826510366328436e-01
-1.515192682247136491e-01
-1.119925026008753155e-01
-1.119925026008753155e-01
-1.910460338485520104e-01
-1.778704453072725566e-01
-1.646948567659931029e-01
0.000000000000000000e+00
-5.929014843575752119e-02
9.222911978895613483e-02
2.635117708255889715e-02
-2.239850052017506310e-01
-1.910460338485520104e-01
-1.646948567659931029e-01
-2.239850052017506310e-01
-1.119925026008753155e-01
-1.646948567659931029e-01
-1.778704453072725566e-01
-2.832751536375081591e-01
-1.844582395779122697e-01
-1.251680911421547693e-01
-1.383436796834342231e-01
-6.587794270639724115e-02
-4.611455989447806741e-02
-1.515192682247136491e-01
-1.712826510366328436e-01
-1.185802968715150424e-01
-6.587794270639724115e-02
-2.108094166604711772e-01
-2.042216223898314642e-01
-2.635117708255889715e-02
-5.270235416511779430e-02
-1.251680911421547693e-01
-1.976338281191917373e-02
-3.952676562383834746e-02
-5.270235416511779430e-02
1.054047083302355886e-01
-9.222911978895613483e-02
-2.239850052017506310e-01
-2.371605937430300848e-01
-8.564132551831642182e-02
-6.587794270639724288e-03
-1.778704453072725566e-01
-2.898629479081478721e-01
-2.042216223898314642e-01
-2.371605937430300848e-01
-1.910460338485520104e-01
-6.587794270639724115e-02
-1.185802968715150424e-01
-2.305727994723903440e-01
-1.778704453072725566e-01
-6.587794270639724115e-02
-9.222911978895613483e-02
-2.635117708255889715e-02
-1.054047083302355886e-01
-1.251680911421547693e-01
-2.832751536375081591e-01
-2.173972109311108902e-01
-1.976338281191917234e-01
-9.881691405959586172e-02
-8.564132551831642182e-02
-1.119925026008753155e-01
-2.173972109311108902e-01
-2.503361822843095386e-01
-1.778704453072725566e-01
-1.119925026008753155e-01
-8.564132551831642182e-02
-4.611455989447806741e-02
-7.246573697703696804e-02
-5.929014843575752119e-02
-9.881691405959586172e-02
2.635117708255889715e-02
-6.587794270639724115e-02
-1.844582395779122697e-01
-1.119925026008753155e-01
-9.881691405959586172e-02
-9.881691405959586172e-02
-1.185802968715150424e-01
-1.449314739540739361e-01
-7.905353124767669493e-02
-2.371605937430300848e-01
-1.646948567659931029e-01
-1.449314739540739361e-01
-6.587794270639724288e-03
-9.881691405959586172e-02
-2.042216223898314642e-01
-2.305727994723903440e-01
-1.581070624953533899e-01
-1.581070624953533899e-01
-6.587794270639724115e-02
-1.251680911421547693e-01
-1.646948567659931029e-01
-5.270235416511779430e-02
-5.270235416511779430e-02
-2.371605937430300848e-01
-1.910460338485520104e-01
-2.042216223898314642e-01
-1.976338281191917234e-01
-1.383436796834342231e-01
-1.976338281191917373e-02
-3.228019192613464927e-01
-1.317558854127944823e-01
-1.251680911421547693e-01
-2.042216223898314642e-01
-3.952676562383834746e-02
-1.976338281191917234e-01
-2.371605937430300848e-01
-1.317558854127944823e-01
-1.054047083302355886e-01
-2.042216223898314642e-01
-2.569239765549492516e-01
-2.371605937430300848e-01
-1.054047083302355886e-01
-2.108094166604711772e-01
-5.929014843575752119e-02
-2.173972109311108902e-01
-1.910460338485520104e-01
-1.449314739540739361e-01
-1.581070624953533899e-01
-2.173972109311108902e-01
-1.712826510366328436e-01
-2.503361822843095386e-01
-8.564132551831642182e-02
-6.587794270639724115e-02
-2.173972109311108902e-01
6.587794270639724288e-03
-6.587794270639724288e-03
-7.246573697703696804e-02
-2.239850052017506310e-01
-1.515192682247136491e-01
-9.222911978895613483e-02
-2.635117708255889715e-02
-2.503361822843095386e-01
-2.371605937430300848e-01
-2.042216223898314642e-01
-1.515192682247136491e-01
-1.251680911421547693e-01
-8.564132551831642182e-02
-1.976338281191917234e-01
-2.173972109311108902e-01
-1.844582395779122697e-01
-1.581070624953533899e-01
-1.844582395779122697e-01
-1.251680911421547693e-01
-1.646948567659931029e-01
-1.778704453072725566e-01
-9.222911978895613483e-02
-2.371605937430300848e-01
-9.881691405959586172e-02
2.635117708255889715e-02
-1.646948567659931029e-01
-2.898629479081478721e-01
-2.173972109311108902e-01
-2.108094166604711772e-01
-2.371605937430300848e-01
-1.383436796834342231e-01
-2.635117708255889646e-01
-9.881691405959586172e-02
-1.054047083302355886e-01
-1.844582395779122697e-01
-1.251680911421547693e-01
-4.611455989447806741e-02
-9.222911978895613483e-02
-1.515192682247136491e-01
-1.844582395779122697e-01
-9.222911978895613483e-02
-1.778704453072725566e-01
-2.503361822843095386e-01
6.587794270639724288e-03
-2.635117708255889715e-02
-1.581070624953533899e-01
-1.910460338485520104e-01
-9.222911978895613483e-02
-2.371605937430300848e-01
-1.054047083302355886e-01
-1.119925026008753155e-01
-2.108094166604711772e-01
-7.905353124767669493e-02
1.317558854127944858e-02
-1.976338281191917234e-01
-1.712826510366328436e-01
-7.905353124767669493e-02
-1.976338281191917373e-02
-2.042216223898314642e-01
-2.503361822843095386e-01
-1.317558854127944823e-01
1.976338281191917373e-02
9.222911978895613483e-02
-8.564132551831642182e-02
-2.832751536375081591e-01
-1.844582395779122697e-01
-2.635117708255889646e-01
-1.581070624953533899e-01
-3.162141249907067797e-01
-1.581070624953533899e-01
-1.646948567659931029e-01
-1.119925026008753155e-01
-1.976338281191917234e-01
-8.564132551831642182e-02
-2.305727994723903440e-01
-2.042216223898314642e-01
-3.293897135319862057e-02
-6.587794270639724115e-02
-1.778704453072725566e-01
-1.910460338485520104e-01
-1.910460338485520104e-01
-1.778704453072725566e-01
-3.952676562383834746e-02
-1.515192682247136491e-01
-2.635117708255889715e-02
-1.383436796834342231e-01
-3.952676562383834746e-02
-9.222911978895613483e-02
-1.119925026008753155e-01
-1.251680911421547693e-01
-2.239850052017506310e-01
-2.437483880136697978e-01
-2.108094166604711772e-01
-1.910460338485520104e-01
-2.635117708255889715e-02
-3.096263307200670667e-01
-4.611455989447806741e-02
-9.881691405959586172e-02
-2.239850052017506310e-01
-3.096263307200670667e-01
-1.515192682247136491e-01
-6.587794270639724115e-02
-1.646948567659931029e-01
-5.929014843575752119e-02
-1.581070624953533899e-01
-1.317558854127944823e-01
-2.437483880136697978e-01
-1.185802968715150424e-01
1.317558854127944858e-02
-1.383436796834342231e-01
-5.270235416511779430e-02
-3.952676562383834746e-02
-7.246573697703696804e-02
-1.910460338485520104e-01
-1.910460338485520104e-01
-1.054047083302355886e-01
-5.270235416511779430e-02
-1.251680911421547693e-01
-1.976338281191917234e-01
-2.239850052017506310e-01
-1.317558854127944823e-01
-1.317558854127944823e-01
-1.054047083302355886e-01
-1.976338281191917373e-02
-1.119925026008753155e-01
-1.844582395779122697e-01
1.119925026008753155e-01
-1.185802968715150424e-01
-2.108094166604711772e-01
-1.976338281191917373e-02
-2.569239765549492516e-01
-2.635117708255889646e-01
-2.042216223898314642e-01
-1.646948567659931029e-01
-1.712826510366328436e-01
-5.929014843575752119e-02
2.635117708255889715e-02
-7.905353124767669493e-02
-2.173972109311108902e-01
-2.108094166604711772e-01
-5.270235416511779430e-02
-2.635117708255889646e-01
-1.449314739540739361e-01
-1.119925026008753155e-01
-2.371605937430300848e-01
-1.449314739540739361e-01
-3.030385364494272982e-01
-9.881691405959586172e-02
-8.564132551831642182e-02
3.952676562383834746e-02
-2.503361822843095386e-01
-1.646948567659931029e-01
-1.581070624953533899e-01
-1.317558854127944823e-01
-1.712826510366328436e-01
-7.905353124767669493e-02
-1.251680911421547693e-01
-4.611455989447806741e-02
-2.108094166604711772e-01
-2.964507421787875852e-01
-5.270235416511779430e-02
-1.515192682247136491e-01
