-4.701551398921163027e+00
2.011483770149778039e+01
2.771922158325340035e+01
2.747352598465275264e+01
2.507741849004220924e+01
2.182490089323372828e+01
1.814834250199807641e+01
1.422034668055393425e+01
1.015575285652072601e+01
6.016471612419716841e+00
1.823317773371178507e+00
-2.408293705764277703e+00
-6.669642428266857159e+00
-1.093160125879454192e+01
-1.519090240667016367e+01
-1.943188884695184626e+01
-2.365953990873461166e+01
-2.786257784676553229e+01
-3.203630394034226470e+01
-3.617285663189277045e+01
-4.025858588756675971e+01
-4.430183488392049895e+01
-4.827427258571135127e+01
-5.215947670468198538e+01
-5.596711006813468003e+01
-5.966135683939267409e+01
-6.321805361977558135e+01
-6.659861555469370842e+01
-6.977054275255851223e+01
-7.266295729278812132e+01
-7.518492620446228614e+01
-7.721474440617521395e+01
-7.852828356407059118e+01
-7.880108009592487406e+01
-7.757298540461718517e+01
-7.398381038852052427e+01
-6.684845550337989550e+01
-5.498694901865609808e+01
-3.905921395613535196e+01
-2.311233453828137385e+01
-1.132470878477958998e+01
-4.197378487827132076e+00
-5.991877682300891239e-01
7.212617445528274329e-01
5.712511543239038314e-01
-5.525186150061016654e-01
-2.351712073163906069e+00
-4.610029635275834536e+00
-7.204746396045813128e+00
-1.001886339329168862e+01
-1.302613431403169741e+01
-1.615644354623961476e+01
-1.937399097612313170e+01
-2.266513710920461477e+01
-2.596675606012399129e+01
-2.929297204338075389e+01
-3.262842411571833878e+01
-3.592197078165487767e+01
-3.919048796069171914e+01
-4.240081395541523079e+01
-4.553123773310895928e+01
-4.857224371699594201e+01
-5.147801798537899742e+01
-5.424780785646753856e+01
-5.681207136019023807e+01
-5.914579117534170649e+01
-6.118724668510483866e+01
-6.285714317296739040e+01
-6.404721242902945733e+01
-6.465952439929505147e+01
-6.452185828347572283e+01
-6.342458442075594149e+01
-6.114740475465867320e+01
-5.748037101945433136e+01
-5.232693124096132209e+01
-4.575593099820900278e+01
-3.837472970192969512e+01
-3.102261196027955847e+01
-2.452040868222664827e+01
-1.942399388411060102e+01
-1.580835703021104166e+01
-1.353587892109308655e+01
-1.237343858855470025e+01
-1.211179030698870918e+01
-1.258519305057656545e+01
-1.355899373005173558e+01
-1.498114487250451532e+01
-1.672097991656015736e+01
-1.871289886187743079e+01
-2.088350099295308127e+01
-2.321426918580152687e+01
-2.564526058938773545e+01
-2.815309278072483679e+01
-3.070663700514248262e+01
-3.327434916261250919e+01
-3.583100504737875980e+01
-3.836274859182947949e+01
-4.083206894303694412e+01
-4.322558394074761878e+01
-4.552212990644935076e+01
-4.769453642387844639e+01
-4.971052076970352118e+01
-5.150958204280357933e+01
-5.305272177218257923e+01
-5.430897465513066180e+01
-5.521821654614261377e+01
-5.570848898701938623e+01
-5.569393187742493723e+01
-5.511507508841327763e+01
-5.389069160606063491e+01
-5.194804029981030880e+01
-4.927192893852149069e+01
-4.593682508651103547e+01
-4.209906857038946981e+01
-3.796444894346357302e+01
-3.383970804309790026e+01
-3.004371663154744354e+01
-2.675769502672574873e+01
-2.411554150598924195e+01
-2.215711466600070167e+01
-2.087764329413991149e+01
-2.021128466046775785e+01
-2.009064393681405747e+01
-2.042276619164836760e+01
-2.110757030293655490e+01
-2.212135243494884307e+01
-2.340013327012374944e+01
-2.486351409640766974e+01
-2.649150356453816002e+01
-2.824403587888549083e+01
-3.007798414761901284e+01
-3.196703036560725053e+01
-3.389930107265691817e+01
-3.582927260758322774e+01
-3.774304011365673972e+01
-3.960955569620528394e+01
-4.139918571930633107e+01
-4.308890621348091088e+01
-4.466913624171919395e+01
-4.610130893165765542e+01
-4.733971870602716336e+01
-4.838226818149347963e+01
-4.914930028401292361e+01
-4.963052121757423407e+01
-4.979002388316722261e+01
-4.957903482383174776e+01
-4.898087932292102664e+01
-4.796816582705537257e+01
-4.654330221002523871e+01
-4.472560486926225565e+01
-4.258530312039938792e+01
-4.018305374743388825e+01
-3.766631044391554184e+01
-3.514360382627879176e+01
-3.275395770932501449e+01
-3.061915968930084020e+01
-2.879542951419107055e+01
-2.735251555060179385e+01
-2.630975795553179708e+01
-2.564344619150626770e+01
-2.534486995781663410e+01
-2.537964590345729832e+01
-2.570139478695617541e+01
-2.626333768403424429e+01
-2.705808968305853668e+01
-2.802237836151526196e+01
-2.913548459237742705e+01
-3.036429285628150510e+01
-3.167936973802960310e+01
-3.305200321480181458e+01
-3.446557731604021058e+01
-3.589218097161111842e+01
-3.730049773277246317e+01
-3.866957194767800843e+01
-3.998432979447202484e+01
-4.122027091828718426e+01
-4.235173845000115733e+01
-4.334969530648342584e+01
-4.421336477507171736e+01
-4.490608922018046201e+01
-4.537682934891792996e+01
-4.564650885151630888e+01
-4.568359172318316297e+01
-4.545950305885017428e+01
-4.498124902179603879e+01
-4.422568998642807259e+01
-4.320735387707010489e+01
-4.197642231508676502e+01
-4.055230846651291188e+01
-3.900562129657430432e+01
-3.742102080239752127e+01
-3.580826095970306966e+01
-3.425409217996653410e+01
-3.283403594914011592e+01
-3.160096567366986875e+01
-3.057483522299411760e+01
-2.978030632528918531e+01
-2.925561933125644742e+01
-2.893153696022123711e+01
-2.883900871097436536e+01
-2.896609942876528621e+01
-2.929128321577649885e+01
-2.979406599225245600e+01
-3.042441744494603739e+01
-3.117197349329803657e+01
-3.202048470662040103e+01
-3.295273483704069406e+01
-3.393707409249206819e+01
-3.494974557975590557e+01
-3.597509908453754690e+01
-3.700327619788088640e+01
-3.800424986196900079e+01
-3.894682560029468021e+01
-3.984361635114429845e+01
-4.065026924554359766e+01
-4.134921696018773218e+01
-4.194255977441626015e+01
-4.240003756513042532e+01
-4.270975810949222762e+01
-4.286554168579249335e+01
-4.284575063780761184e+01
-4.265411834157209370e+01
-4.229849497689507842e+01
-4.174764689430083564e+01
-4.107569599245517367e+01
-4.023972589394210075e+01
-3.930347457117863996e+01
-3.828605215250871652e+01
-3.720572178689741349e+01
-3.616762469946716863e+01
-3.513819517612657251e+01
-3.417855394227071031e+01
-3.334458038971087035e+01
-3.261938142552099862e+01
-3.204575226482869965e+01
-3.162564595655531718e+01
-3.136320231401653658e+01
-3.126076415165179512e+01
-3.130689572297031376e+01
-3.147422494946859572e+01
-3.178882200695287352e+01
-3.219766973131208943e+01
-3.270462933284387930e+01
-3.329319392169349356e+01
-3.392727870453631311e+01
-3.462421581034239182e+01
-3.533623907010069587e+01
-3.607557405958140606e+01
-3.681858413742015301e+01
-3.752880139118638425e+01
-3.820318424624315412e+01
-3.884421013520614707e+01
-3.941037885123463980e+01
-3.991386529962947805e+01
-4.031710809539495699e+01
-4.062381129478256980e+01
-4.082881246876514325e+01
-4.092136910972666897e+01
-4.090558907712757275e+01
-4.076342716745160288e+01
-4.050942805950003134e+01
-4.012677273111012255e+01
-3.964351114850568081e+01
-3.908397623038196400e+01
-3.845345080586280773e+01
-3.777324537290448347e+01
-3.705821632468995830e+01
-3.635416225042825289e+01
-3.567259247814175893e+01
-3.503051243059930897e+01
-3.444976420496687552e+01
-3.394329041438410854e+01
-3.353736419232863142e+01
-3.321948352187713027e+01
-3.301910250748309039e+01
-3.290359849431660422e+01
-3.291175244548249879e+01
-3.300920552257503005e+01
-3.320857117607740605e+01
-3.345921278770997276e+01
-3.379718212283735568e+01
-3.421031616414829557e+01
-3.466589382259481766e+01
-3.513519494468567217e+01
-3.564789619723028835e+01
-3.617415011177652673e+01
-3.669097896464894859e+01
-3.718415987800079847e+01
-3.766523083134531191e+01
-3.811355414175399403e+01
-3.853010709929987598e+01
-3.887679500266791877e+01
-3.916457510314422308e+01
-3.938608575313948279e+01
-3.954213381279753747e+01
-3.959865110210336780e+01
-3.957457366585115466e+01
-3.945987257892093680e+01
-3.928539145510701758e+01
-3.903548194943837046e+01
-3.870885841688249940e+01
-3.832032160927600728e+01
-3.789513200174903318e+01
-3.742936885057697083e+01
-3.696250008828182132e+01
-3.647537213879209617e+01
-3.601109925069909679e+01
-3.557291736508616253e+01
-3.515382252888360881e+01
-3.480718266886560031e+01
-3.450598941291902833e+01
-3.430008723304727880e+01
-3.413182234133038406e+01
-3.406418475610847452e+01
-3.404844239057809574e+01
-3.409044813449656885e+01
-3.422086426982615137e+01
-3.438628695214624997e+01
-3.462116087323502001e+01
-3.488407653965271749e+01
-3.519224659028989777e+01
-3.552964810482058766e+01
-3.588446616324623761e+01
-3.625255482672478280e+01
-3.661729561924325793e+01
-3.697512182648885215e+01
-3.732940526349090504e+01
-3.763487935613953539e+01
-3.791383931863409629e+01
-3.815126628291353228e+01
-3.835976806948207951e+01
-3.850768896732730440e+01
-3.860497736940925506e+01
-3.865423315110768954e+01
-3.863087065428511835e+01
-3.857262039998475700e+01
-3.843901767401196423e+01
-3.827079847400646884e+01
-3.804605474976148827e+01
-3.779547851128629077e+01
-3.750123596995006636e+01
-3.718650892370535388e+01
-3.685666347129624398e+01
-3.652895824555212556e+01
-3.622537925938102887e+01
-3.590814131870254045e+01
-3.563491373800759732e+01
-3.538830632898284989e+01
-3.518259355535315080e+01
-3.502832492154285404e+01
-3.490840127936259307e+01
-3.484053015281637755e+01
-3.481226772526929381e+01
-3.485821335945615118e+01
-3.494062353061342208e+01
-3.505071525591711890e+01
-3.518373111159838373e+01
-3.537419107001606022e+01
-3.558789965072387673e+01
-3.581505343524201379e+01
-3.606803255159175592e+01
-3.632128936869548852e+01
-3.657045559955879099e+01
-3.682220997014758268e+01
-3.706314579286471655e+01
-3.728411566093038232e+01
-3.748422960435433282e+01
-3.765796316588326675e+01
-3.779694052885029265e+01
-3.791214079116707580e+01
-3.798101464670357785e+01
-3.800999200376789133e+01
-3.800535134949054594e+01
-3.796562066223152243e+01
-3.787248928223873889e+01
-3.775349422758295503e+01
-3.759888954776668868e+01
-3.741438287920959738e+01
-3.722372122111089254e+01
-3.701742618750508029e+01
-3.680569289199718241e+01
-3.655932161650924428e+01
-3.632829560253267687e+01
-3.613679614832332732e+01
-3.593558783986326688e+01
-3.577005018571657047e+01
-3.561563271806043218e+01
-3.550578154162260347e+01
-3.542068313155901649e+01
-3.536576899256363049e+01
-3.535751975435139371e+01
-3.537635996644019087e+01
-3.541987604849489202e+01
-3.548831890296856528e+01
-3.559770230666072877e+01
-3.573181728054567685e+01
-3.588338467089536721e+01
-3.603675533000935616e+01
-3.620241384600881673e+01
-3.637665252522545245e+01
-3.655871322211965690e+01
-3.672971055086213710e+01
-3.690816636148839081e+01
-3.706354876189767111e+01
-3.720198338289899453e+01
-3.730750190993541082e+01
-3.741315118540413920e+01
-3.749878523698474453e+01
-3.754176945225607653e+01
-3.755772581393345178e+01
-3.755055512698465492e+01
-3.751206281571825940e+01
-3.747567116799572773e+01
-3.738867848562844642e+01
-3.728791024338412541e+01
-3.716614692834973965e+01
-3.703787906910942951e+01
-3.689917871191874355e+01
-3.673949429640051534e+01
-3.658559942535353571e+01
-3.642820995568619935e+01
-3.627770177233028903e+01
-3.615582587932164671e+01
-3.603806930689766119e+01
-3.594180912524918625e+01
-3.586271736820222600e+01
-3.578292044744926415e+01
-3.575413618895045431e+01
-3.572487863744577652e+01
-3.574131606559406293e+01
-3.577535674234037799e+01
-3.581884227912499341e+01
-3.588441544801838745e+01
-3.597317098396090529e+01
-3.607899944783071078e+01
-3.618587184725191719e+01
-3.631033313842803523e+01
-3.641892677183660254e+01
-3.654699832300522644e+01
-3.666754647329061356e+01
-3.679060086488726711e+01
-3.690415388201245861e+01
-3.701011028486005472e+01
-3.708293153106520634e+01
-3.714431696513419467e+01
-3.719336845545804238e+01
-3.723701588136697183e+01
-3.725197124998128118e+01
-3.726312927315663615e+01
-3.722879752931117991e+01
-3.719589117619852914e+01
-3.714817159702767668e+01
-3.705328446351848726e+01
-3.698856854584217047e+01
-3.689438227870223130e+01
-3.678905049157273766e+01
-3.667790759413405510e+01
-3.658373586965735313e+01
-3.647341877070172700e+01
-3.638406568438126243e+01
-3.629112437136386404e+01
-3.621313257065125413e+01
-3.612961892145533227e+01
-3.607959358537575412e+01
-3.602589297783374178e+01
-3.599046088116672593e+01
-3.598106954535002444e+01
-3.599300353198433555e+01
-3.601578126670634106e+01
-3.605052360349662166e+01
-3.609674910005758619e+01
-3.615029109172998290e+01
-3.619879363835821096e+01
-3.629405483390821985e+01
-3.638234657875221956e+01
-3.644626234241167850e+01
-3.655530243368757226e+01
-3.663153407383818916e+01
-3.670831245770506257e+01
-3.678561413953605097e+01
-3.686032652212878702e+01
-3.691733773395572626e+01
-3.696545511468744394e+01
-3.699705569375966974e+01
-3.702163167461511506e+01
-3.703610568005056081e+01
-3.703002852411938761e+01
-3.701657592846851941e+01
-3.700135191537182777e+01
-3.695225024174280293e+01
-3.691212532973226246e+01
-3.687373910070215999e+01
-3.678281256496296692e+01
-3.672593024659097694e+01
-3.665179161146598830e+01
-3.659150955236420089e+01
-3.651334020045916873e+01
-3.644119945582630038e+01
-3.637565849886996716e+01
-3.633232215752845917e+01
-3.627880519514357616e+01
-3.623909817324562255e+01
-3.620317093146967835e+01
-3.618500772631205820e+01
-3.618195136606220075e+01
-3.617454438778347026e+01
-3.619948436094240662e+01
-3.619506308909613068e+01
-3.622616689656356925e+01
-3.626594806065463672e+01
-3.632272927887066771e+01
-3.637884150213076140e+01
-3.642621300926406747e+01
-3.648669937363417404e+01
-3.654266319461159185e+01
-3.660050218282694345e+01
-3.665520533803071146e+01
-3.670858495548694123e+01
-3.675858224698033183e+01
-3.680374087698299235e+01
-3.682900028935744530e+01
-3.685685729527941135e+01
-3.687266094089349622e+01
-3.687676422424262057e+01
-3.689233306977648397e+01
-3.688394848325450681e+01
-3.686559353994921651e+01
-3.684357016640275617e+01
-3.680619524887013227e+01
-3.678114847904351592e+01
-3.673400250928487054e+01
-3.668213484372418520e+01
-3.663973251975051681e+01
-3.658494091154428673e+01
-3.653715299510115244e+01
-3.648706473567165176e+01
-3.644705293297445792e+01
-3.639290326397372155e+01
-3.636294064075323718e+01
-3.634887678048139747e+01
-3.632744946588277202e+01
-3.630811358351787277e+01
-3.629151078272818864e+01
-3.628988877442530736e+01
-3.630048072327703323e+01
-3.631015660445183357e+01
-3.634252800893232660e+01
-3.637029178923837236e+01
-3.639366492162415767e+01
-3.643134094433759884e+01
-3.645931274375779907e+01
-3.650434442525273226e+01
-3.656223385508302925e+01
-3.658636477200687409e+01
-3.662712158041444610e+01
-3.665987766683684157e+01
-3.670464404629148447e+01
-3.673085728768172942e+01
-3.674897143756459172e+01
-3.677100827092353086e+01
-3.678208451080050168e+01
-3.677926625902164659e+01
-3.679735386168096056e+01
-3.678822603325340168e+01
-3.677049311180216762e+01
-3.675474616880069334e+01
-3.674071322618306823e+01
-3.671807241336502159e+01
-3.667483174097356624e+01
-3.664803929775514746e+01
-3.660552598767502985e+01
-3.658170571325867826e+01
-3.653668224242586859e+01
-3.652028925403944726e+01
-3.648848619337481125e+01
-3.645434005957758927e+01
-3.643118812283537977e+01
-3.640644534466749604e+01
-3.640626891610906313e+01
-3.639273374039167663e+01
-3.637903081396105875e+01
-3.638123737731120144e+01
-3.637254795918185124e+01
-3.638132116008141992e+01
-3.640246515320497167e+01
-3.642201552833422085e+01
-3.644397617316918314e+01
-3.647955602806813147e+01
-3.650486127710680506e+01
-3.652806211662136349e+01
-3.655679086388309429e+01
-3.657439974891848777e+01
-3.660153998315867341e+01
-3.663202719295956200e+01
-3.666398874424810828e+01
-3.667096137964874458e+01
-3.669938861159722165e+01
-3.670743448913848539e+01
-3.672739580115037228e+01
-3.672102944036909378e+01
-3.672087022239512066e+01
-3.672473897104902107e+01
-3.670393444187214982e+01
-3.669136084571054823e+01
-3.666304007464201931e+01
-3.666145357189115828e+01
-3.663715491061043394e+01
-3.663357249309534325e+01
-3.660350859464735152e+01
-3.657448128145670552e+01
-3.656082611161530593e+01
-3.653836620013363046e+01
-3.651813597456386873e+01
-3.649300812707834041e+01
-3.646624114487271839e+01
-3.646610930943577245e+01
-3.646231793508977859e+01
-3.644400439798253188e+01
-3.642622992616777822e+01
-3.643687465478917886e+01
-3.644317819307625683e+01
-3.644642476531598874e+01
-3.645192992686904176e+01
-3.646188313320431718e+01
-3.647971439359479007e+01
-3.650388461077493929e+01
-3.651789438162360568e+01
-3.652765021103023457e+01
-3.654094750727552565e+01
-3.657178453732097978e+01
-3.660171044537987939e+01
-3.661996852985119943e+01
-3.663250595592582926e+01
-3.665283599594724251e+01
-3.666269071365604049e+01
-3.666537191728516376e+01
-3.666720892297688295e+01
-3.667119832707007987e+01
-3.668654887572741785e+01
-3.667614218792014924e+01
-3.665446867003441156e+01
-3.666370237263701881e+01
-3.665811429976125879e+01
-3.663095626262011706e+01
-3.661692048428016477e+01
-3.660997005093138768e+01
-3.658494626942611916e+01
-3.655977712752687836e+01
-3.654847934797619757e+01
-3.652539795393855115e+01
-3.651518283120753239e+01
-3.651531216586531059e+01
-3.650309326810421595e+01
-3.648104590999306396e+01
-3.647088805636489894e+01
-3.646938464213889830e+01
-3.646841632372228759e+01
-3.647457494525386323e+01
-3.647892938682673503e+01
-3.649297286052787825e+01
-3.649663337262907703e+01
-3.648669515610268377e+01
-3.651907865431508071e+01
-3.652333655790100408e+01
-3.653011797977276132e+01
-3.654864388599143155e+01
-3.656452211951135922e+01
-3.657377194886958449e+01
-3.657645167293669886e+01
-3.658465516309489374e+01
-3.660080910437667256e+01
-3.661988426877017133e+01
-3.661043315417501276e+01
-3.662468043927946582e+01
-3.664256758286703786e+01
-3.662801545137102011e+01
-3.663143271094801889e+01
-3.663167781671948831e+01
-3.662577149756574357e+01
-3.662422818764748911e+01
-3.661571009184198289e+01
-3.661767348141754042e+01
-3.661645595720268886e+01
-3.659190785537334278e+01
-3.658447984884946180e+01
-3.657491298903039478e+01
-3.655365118297059723e+01
-3.654619180132844747e+01
-3.653417395065341822e+01
-3.652200213311881072e+01
-3.651593257500169187e+01
-3.651093148740320515e+01
-3.650035856946673363e+01
-3.650339086828230961e+01
-3.651035855082039916e+01
-3.650192451302994101e+01
-3.652164080675727575e+01
-3.651681353422630849e+01
-3.651467536573295547e+01
-3.652252349610170512e+01
-3.652716576042315211e+01
-3.653267394335068019e+01
-3.654821828310576137e+01
-3.655082795368652882e+01
-3.656104650759087349e+01
-3.657343870827537557e+01
-3.657824432855502295e+01
-3.659911195350904478e+01
-3.659654927627994425e+01
-3.660668095281322820e+01
-3.661744704982751841e+01
-3.661863127684542718e+01
-3.661971766555431884e+01
-3.662304611056498516e+01
-3.660869513120594121e+01
-3.661179438010325526e+01
-3.660462185074143804e+01
-3.661799657180677059e+01
-3.660241897936140276e+01
-3.659959101928856029e+01
-3.660343734219956247e+01
-3.659429686778240409e+01
-3.657530836217236470e+01
-3.656795647010869743e+01
-3.656430470568764690e+01
-3.655211545870060519e+01
-3.655925528010087788e+01
-3.653033399049212449e+01
-3.652483227014791112e+01
-3.651711698555816810e+01
-3.652697964160520172e+01
-3.652298692581913997e+01
-3.651508757578658049e+01
-3.651368209950249621e+01
-3.650964586046590910e+01
-3.652595837309415572e+01
-3.653188012594264222e+01
-3.652820221667018785e+01
-3.653905108576510230e+01
-3.654848894969141071e+01
-3.654600478018286935e+01
-3.655642332041064435e+01
-3.656174851382125013e+01
-3.657168406456409571e+01
-3.657881454380629549e+01
-3.657008933985164134e+01
-3.657540429555901085e+01
-3.658903916675808432e+01
-3.659488429125232045e+01
-3.658914956160884913e+01
-3.658472576567816503e+01
-3.659421211919969608e+01
-3.659982746630047501e+01
-3.660105326171533591e+01
-3.660465500537667793e+01
-3.659621141352980800e+01
-3.658795111618440643e+01
-3.659524733158404786e+01
-3.658038034745194267e+01
-3.659041431238921405e+01
-3.656912137361803872e+01
-3.656365211421094585e+01
-3.656588001093446394e+01
-3.655677253261197990e+01
-3.656764836856922329e+01
-3.657501074418386366e+01
-3.656621294997562188e+01
-3.654828561928297148e+01
-3.654059432490862491e+01
-3.652050020292208643e+01
-3.652564390892866442e+01
-3.652696588190345750e+01
-3.653614312061259284e+01
-3.652916782026358788e+01
-3.652685268253197393e+01
-3.653712272571983277e+01
-3.655228770054029042e+01
-3.653781804374921904e+01
-3.654631206415744771e+01
-3.655750273594404831e+01
-3.655140863841974408e+01
-3.656437953685873765e+01
-3.655582345783069087e+01
-3.656772735109542083e+01
-3.657097880288068126e+01
-3.658788976522525616e+01
-3.658467825634523507e+01
-3.659356739623733290e+01
-3.659158753255205454e+01
-3.657967165044846070e+01
-3.657779150493406917e+01
-3.659222046550693364e+01
-3.659684899156679450e+01
-3.659155275812906893e+01
-3.659373688878721964e+01
-3.658760296224744479e+01
-3.659103017673377423e+01
-3.657985946531659494e+01
-3.657973424121517070e+01
-3.656834168506762950e+01
-3.656557014111867687e+01
-3.654915990291021188e+01
-3.654884883895346803e+01
-3.655857029138442726e+01
-3.656029385666666798e+01
-3.655434391772779179e+01
-3.655335223632739883e+01
-3.654580715890157450e+01
-3.654236474644344668e+01
-3.653889948423110923e+01
-3.655181165772184926e+01
-3.654774651196363067e+01
-3.654374086628993723e+01
-3.655051616402962367e+01
-3.656216309730901770e+01
-3.655562526467291917e+01
-3.655781298291501713e+01
-3.654818351611209692e+01
-3.654426422277916231e+01
-3.655598790719626123e+01
-3.657439052597953122e+01
-3.655681428509702613e+01
-3.656761579758070013e+01
-3.658327988107890860e+01
-3.657477422282815382e+01
-3.657761811967689169e+01
-3.657493452892339292e+01
-3.657327822123183836e+01
-3.658534595593263106e+01
-3.659423041794830311e+01
-3.657811402837682380e+01
-3.658227994332662547e+01
-3.657441602004234937e+01
-3.657759523892706000e+01
-3.657639494847554573e+01
-3.657940133378171765e+01
-3.656689573481017419e+01
-3.656813260507427543e+01
-3.657901790523451524e+01
-3.656699476072287780e+01
-3.656975299332623308e+01
-3.655924269036075458e+01
-3.655347778147042703e+01
-3.655177832184395470e+01
-3.654282416241384368e+01
-3.655448966844384273e+01
-3.656442210644733848e+01
-3.656637741618555992e+01
-3.655261160782914232e+01
-3.656303835413582703e+01
-3.656499356137580747e+01
-3.656225867054727985e+01
-3.656457204365165836e+01
-3.655213563383187392e+01
-3.655120330926589389e+01
-3.656477010603940414e+01
-3.655146800921810524e+01
-3.656374442391181390e+01
-3.656527791041655462e+01
-3.657603508833695116e+01
-3.656480823336114128e+01
-3.657143610918938492e+01
-3.656908630227307100e+01
-3.657884251142758103e+01
-3.656515350898278882e+01
-3.656428766429026922e+01
-3.656700931789820430e+01
-3.657737165874151231e+01
-3.657052075058282270e+01
-3.658302257201777508e+01
-3.657996819769465446e+01
-3.658078546578055779e+01
-3.658761472466886033e+01
-3.658965371512783804e+01
-3.657627158088870090e+01
-3.657907849373849984e+01
-3.657735947244221109e+01
-3.656011735272412011e+01
-3.656058707726667478e+01
-3.655411928894407936e+01
-3.655446338296157194e+01
-3.656393956163654479e+01
-3.656590764033081342e+01
-3.655267113991470040e+01
-3.654910077280301550e+01
-3.655266447330475188e+01
-3.655397359665942503e+01
-3.655642035543255020e+01
-3.655901860516755875e+01
-3.654959681970429841e+01
-3.654982188785889718e+01
-3.654924576823402305e+01
-3.655393410938889076e+01
-3.656261986794361007e+01
-3.657070694012129763e+01
-3.657254875565235608e+01
-3.656770218173706866e+01
-3.657996819769465446e+01
-3.657193035257145652e+01
-3.657152212211276066e+01
-3.657450262928877294e+01
-3.658560674073842023e+01
-3.658180985636923310e+01
-3.657815049109667171e+01
-3.658089635485616498e+01
-3.657590041424450078e+01
-3.657367419316353363e+01
-3.655935031574433225e+01
-3.657428015984599057e+01
-3.656752764925121824e+01
-3.656354330243382833e+01
-3.656206053084370922e+01
-3.656426220016084017e+01
-3.656286582457223489e+01
-3.656899856622056433e+01
-3.656309906420136002e+01
-3.657555380024249558e+01
-3.656739084128661688e+01
-3.656112115660218365e+01
-3.655392094477175391e+01
-3.654891570979362569e+01
-3.656264212228544608e+01
-3.656573494143511738e+01
-3.656582128829235501e+01
-3.656333550377863872e+01
-3.655741163987679698e+01
-3.655300831354520597e+01
-3.655470702831296137e+01
-3.656954360268228044e+01
-3.656561057511000712e+01
-3.655897131419079216e+01
-3.656615628425337405e+01
-3.656472192740226035e+01
-3.655647258806941124e+01
-3.655988884035499353e+01
-3.656337381067390169e+01
-3.655188433594064890e+01
-3.656951970620271908e+01
-3.656317573886766326e+01
-3.655885926851710366e+01
-3.657090409644033713e+01
-3.657351318535587126e+01
-3.657743257501195444e+01
-3.657116360584490877e+01
-3.657225197588614662e+01
-3.657807593376860922e+01
-3.656683658224078215e+01
-3.657295677307291015e+01
-3.657664161336084874e+01
-3.656839344159023142e+01
-3.656383070700884730e+01
-3.656147890651075727e+01
-3.656462020764786303e+01
-3.656124215888792151e+01
-3.655805344262093115e+01
-3.655915654335928622e+01
-3.655137514711893232e+01
-3.655857494175207734e+01
-3.655894540961186578e+01
-3.655383493812001916e+01
-3.655590397041751061e+01
-3.655925563035410875e+01
-3.655826465646589440e+01
-3.656620468477801467e+01
-3.656317573886766326e+01
-3.656847987240415421e+01
-3.656121117536038412e+01
-3.656786238578717985e+01
-3.655499128740697046e+01
-3.656249522013598607e+01
-3.657016237132857839e+01
-3.656784980492919601e+01
-3.656551154875300114e+01
-3.656424946650477636e+01
-3.656168990596192714e+01
-3.656328754703631745e+01
-3.656215960185026859e+01
-3.656196145752752358e+01
-3.656606770221292635e+01
-3.657223957780181678e+01
-3.657125011936106773e+01
-3.657440371078294561e+01
-3.656781205606602470e+01
-3.656825675488550331e+01
-3.656871409976611176e+01
-3.657047086141186298e+01
-3.656059996491369191e+01
-3.656281465682251053e+01
-3.656029385666666798e+01
-3.655282317476032006e+01
-3.656658807745778006e+01
-3.657071865495745300e+01
-3.655621441064179322e+01
-3.654894245033050026e+01
-3.655921680713968414e+01
-3.655705425287114707e+01
-3.656866529934887922e+01
-3.655854900294077225e+01
-3.656056530902406365e+01
-3.656391699528305850e+01
-3.656950719581384135e+01
-3.656651434594466821e+01
-3.656290418919586926e+01
-3.655732554308764293e+01
-3.656141838065544647e+01
-3.657148532303250477e+01
-3.655751075561260421e+01
-3.655727851831294117e+01
-3.655910923747038055e+01
-3.656836981875947856e+01
-3.656168071604486158e+01
-3.657523181666145007e+01
-3.656365814599148223e+01
-3.656103494461283532e+01
-3.658182468231564854e+01
-3.655950116238174274e+01
-3.655501172328629167e+01
-3.657458924373224107e+01
-3.657296914322296999e+01
-3.656856774387922115e+01
-3.655866107374010454e+01
-3.655577867135814074e+01
-3.656057819450700208e+01
-3.656176330396597507e+01
-3.655695513842547939e+01
-3.656564859975864579e+01
-3.656439942549006616e+01
-3.656219457455764399e+01
-3.655240001340405342e+01
-3.655891108615592344e+01
-3.656756543340094368e+01
-3.656012150532171745e+01
-3.656238335930227379e+01
-3.656153029665023269e+01
-3.656203841444039426e+01
-3.655956580356465935e+01
-3.656547593194610357e+01
-3.657983310307396607e+01
-3.658065046324544056e+01
-3.657773065865570317e+01
-3.657248681888619046e+01
-3.656219805945675461e+01
-3.656969152305576642e+01
-3.654888896480063210e+01
-3.655934177932426365e+01
-3.656379542501730384e+01
-3.655630046462092508e+01
-3.657721046792208597e+01
-3.656366789038018794e+01
-3.656009569695333994e+01
-3.656704523552069475e+01
-3.655072062741107430e+01
-3.655469390025223930e+01
-3.656449845390794451e+01
-3.655781298291501713e+01
-3.655693424179982287e+01
-3.656246020079486669e+01
-3.656135786851598368e+01
-3.656307669950205508e+01
-3.656237054865224678e+01
-3.656223650745255327e+01
-3.656019477796473893e+01
-3.656082783666991531e+01
-3.656713162918499194e+01
-3.657640717536022379e+01
-3.657444063548486923e+01
-3.656153029665023269e+01
-3.656995197166079237e+01
-3.657061970392334160e+01
-3.656203841444039426e+01
-3.657306807926084957e+01
-3.657163350570019844e+01
-3.656543788800077976e+01
-3.657685157336818804e+01
-3.656536423780460154e+01
-3.656708308058114909e+01
-3.655362965201432246e+01
-3.655165946103499408e+01
-3.656245680101299200e+01
-3.656024637329410609e+01
-3.656398071189880028e+01
-3.656406698929196608e+01
-3.655858790953706716e+01
-3.656378267633400725e+01
-3.656199994079262439e+01
-3.656199994079262439e+01
-3.656260706904402014e+01
-3.656172842130075651e+01
-3.656543788800077976e+01
-3.656180181289203546e+01
-3.655919536970503003e+01
-3.655759685953837845e+01
-3.657325358706464868e+01
-3.656448573198146335e+01
-3.655361647794006785e+01
-3.655769597493396361e+01
-3.655490528016327545e+01
-3.655402623100319204e+01
-3.655547379155920851e+01
-3.656447300899505137e+01
-3.656723063766352766e+01
-3.656091402032630100e+01
-3.656726846024982081e+01
-3.657957279675795093e+01
-3.657640717536022379e+01
-3.657031035771310457e+01
-3.656564859975864579e+01
-3.657449032326811533e+01
-3.657108954472714402e+01
-3.655778698872147459e+01
-3.656754201024892126e+01
-3.656958113355204887e+01
-3.656689770771401271e+01
-3.657022387672205355e+01
-3.656801004694725066e+01
-3.656995098122738597e+01
-3.656828188751778441e+01
-3.655697604501177267e+01
-3.656067726824876729e+01
-3.655215538870984204e+01
-3.656269331571175485e+01
-3.656749163738463437e+01
-3.657233851096143695e+01
-3.656940824039987348e+01
-3.657221477853435943e+01
-3.657355038029955807e+01
-3.655804045019193893e+01
-3.655751075561260421e+01
-3.655524362020621965e+01
-3.656039293305921944e+01
-3.656368365509013785e+01
-3.657764246407455033e+01
-3.657471275585095327e+01
-3.656624263253205243e+01
-3.657588724629133736e+01
-3.659209863241604666e+01
-3.658349273559892367e+01
-3.657611047452764552e+01
-3.657613495081489674e+01
-3.658672114685826671e+01
-3.657289495061810669e+01
-3.657560283878811447e+01
-3.656735485139969200e+01
-3.656553690812030055e+01
-3.656514081379273051e+01
-3.657338957662584988e+01
-3.656981551200297531e+01
-3.656554717957020983e+01
-3.655589089037826511e+01
-3.655754979044881026e+01
-3.655708821591173319e+01
-3.655653254978503242e+01
-3.656787330717446594e+01
-3.655846286972324322e+01
-3.656031964792617117e+01
-3.655333219350868745e+01
-3.657524408874721900e+01
-3.656470921614017300e+01
-3.657494804228262097e+01
-3.655357002997752858e+01
-3.656376992658874769e+01
-3.656077633968126861e+01
-3.654965018071899863e+01
-3.656715685383549896e+01
-3.656061684451562144e+01
-3.656657544213275202e+01
-3.656306391877815543e+01
-3.656627839974974137e+01
-3.656107354012402766e+01
-3.656330996052885496e+01
-3.656591801597280522e+01
-3.656142749924001834e+01
-3.656221087652303225e+01
-3.656461019661135481e+01
-3.655805825833353140e+01
-3.655333219350868745e+01
-3.656320128857392149e+01
-3.657447801622210903e+01
-3.656621733508315231e+01
-3.656569692643667224e+01
-3.657008839403937372e+01
-3.656807291378186164e+01
-3.656946965839394892e+01
-3.656755283973362225e+01
-3.657071865495745300e+01
-3.657870727225162710e+01
-3.657509609190343269e+01
-3.656669971269896990e+01
-3.656170274547785937e+01
-3.656437397202984130e+01
-3.656172842130075651e+01
-3.655304791288229893e+01
-3.656297442388890317e+01
-3.655950116238174274e+01
-3.655346459872000509e+01
-3.656446028494857359e+01
-3.657356272485766624e+01
-3.656155598529841910e+01
-3.655944086597816778e+01
-3.655532226443665422e+01
-3.801128573220599804e+01
-4.588338646640159624e+01
-5.531920677949801046e+01
-6.476901735586329778e+01
-7.420733085210980562e+01
-8.366584306812902128e+01
-9.311822272348715046e+01
-1.025506441298877292e+02
-1.120150397551205543e+02
-1.214454216301698182e+02
-1.309183305932629366e+02
-1.403346564814657711e+02
-1.497904197977026399e+02
-1.592444668017746778e+02
-1.686992180784609445e+02
-1.781282472456099413e+02
1.724253330175041867e+02
1.629719170638903165e+02
1.535513951258856480e+02
1.440785548123789113e+02
1.346382560422601387e+02
1.251747278789807325e+02
1.157254452942806893e+02
1.062878622969303279e+02
9.682242364114736688e+01
8.738511168959556130e+01
7.794264521633297704e+01
6.846678352484120467e+01
5.904065474678358783e+01
4.957236073945735200e+01
4.012647302883453193e+01
3.064982427533714215e+01
2.123039885000574145e+01
1.174270738253503943e+01
2.299094357052546389e+00
-7.146127707080398572e+00
-1.660984369702716990e+01
-2.602399290722722114e+01
-3.548906955685399822e+01
-4.493775380875620584e+01
-5.438664386576058973e+01
-6.383808322799740154e+01
-7.329830846759556096e+01
-8.275773460702532702e+01
-9.219228481296528344e+01
-1.016381124206712627e+02
-1.110828946129522734e+02
-1.205277486273271279e+02
-1.299882456312680006e+02
-1.394403278665389792e+02
-1.488761777526258356e+02
-1.582886991235196206e+02
-1.677583612537255817e+02
-1.772109098983388549e+02
1.733332166526125775e+02
1.639083551433703860e+02
1.544593334669134492e+02
1.450192907978224355e+02
1.355658342362077065e+02
1.261147503052957290e+02
1.166434847755962352e+02
1.072039064421556844e+02
9.775155447486162075e+01
8.832918040661483872e+01
7.886083504693542068e+01
6.940888595033332820e+01
5.993676757354543128e+01
5.047917873186220561e+01
4.102879446421864884e+01
3.157457511995790966e+01
2.213236161223654719e+01
1.268576528101358036e+01
3.221636150906795226e+00
-6.230896853412809300e+00
-1.569710118387805409e+01
-2.514488421983565658e+01
-3.456904956701637843e+01
-4.404659371587064243e+01
-5.349771157435360180e+01
-6.292710786982605242e+01
-7.240807001029548928e+01
-8.184560392735565415e+01
-9.131188778249808990e+01
-1.007372378445929542e+02
-1.101770504206851626e+02
-1.196440188143177039e+02
-1.290646925046648903e+02
-1.385029106585235468e+02
-1.479220931225720506e+02
-1.574028606643843489e+02
-1.668228746368666009e+02
-1.762745971050581488e+02
1.743004106610588906e+02
1.648253817746507934e+02
1.553652724347075207e+02
1.459440906079678086e+02
1.364434885983843913e+02
1.270644608349725502e+02
1.175762445913484555e+02
1.081415461679547434e+02
9.866540315726344090e+01
8.923348268686660845e+01
7.978127856920559680e+01
7.030253498570739623e+01
6.087215034982673245e+01
5.139216544729474379e+01
4.193990211601416007e+01
3.246650256018725855e+01
2.302599943071615485e+01
1.352952035439193068e+01
4.079099825778773614e+00
-5.347014758058758588e+00
-1.478377257760092078e+01
-2.422366218566657992e+01
-3.370648935972481297e+01
-4.310081638778623159e+01
-5.260673726858077259e+01
-6.203468967918838928e+01
-7.155276012175212941e+01
-8.096418869680677233e+01
-9.040944908030900251e+01
-9.980988571553231736e+01
-1.092478608982943484e+02
-1.186961594606427042e+02
-1.281437285536829904e+02
-1.376107966409411176e+02
-1.470063324039882104e+02
-1.565139640228559017e+02
-1.659188159636468924e+02
-1.753079270093090258e+02
1.751862585058713080e+02
1.657012561562816018e+02
1.562889106818472840e+02
1.468023375753506912e+02
1.373602055123365631e+02
1.279209909099544404e+02
1.185293331702763595e+02
1.090429056404359045e+02
9.962924527827451016e+01
9.019422895581283228e+01
8.068944430741125018e+01
7.126207759044137902e+01
6.177843411277260088e+01
5.233326248983375706e+01
4.288031979064883359e+01
3.339736983696276695e+01
2.398145302287421643e+01
1.448319661235898437e+01
5.039220882780224287e+00
-4.442888708755559080e+00
-1.388510003027975159e+01
-2.330026880888402019e+01
-3.280908461950969013e+01
-4.217852020953117176e+01
-5.160351609233568837e+01
-6.102635154639060744e+01
-7.051028474356130005e+01
-7.995862795582269200e+01
-8.948742717793973611e+01
-9.893972465433722618e+01
-1.083407313263185898e+02
-1.177577429683591248e+02
-1.271716153295566016e+02
-1.365468251238743846e+02
-1.460851977659381191e+02
-1.555040899142532851e+02
-1.649493425459377818e+02
-1.743195543961477085e+02
1.762087085845422223e+02
1.667413200147780969e+02
1.573094748736285453e+02
1.479134123459879788e+02
1.385020423066192450e+02
1.289406886892660680e+02
1.195782293751408503e+02
1.102021410423779741e+02
1.007207849952203418e+02
9.124933150894399603e+01
8.186826728475682557e+01
7.236463808301112977e+01
6.289502108767195665e+01
5.349841585350765882e+01
4.397560948755121046e+01
3.456961253076678986e+01
2.510489742373002997e+01
1.565983030431896061e+01
6.135060475432648985e+00
-3.320102025703386861e+00
-1.274083103611661016e+01
-2.226465148091276802e+01
-3.173710030240860291e+01
-4.119297997403767653e+01
-5.053142924573641181e+01
-6.004868469760250349e+01
-6.947777522920078752e+01
-7.898229869671506265e+01
-8.832883228696276490e+01
-9.774679330382970477e+01
-1.072373175020926368e+02
-1.166533610086828929e+02
-1.261323192206704107e+02
-1.355350304147077338e+02
-1.450258413804089628e+02
-1.543754041372859547e+02
-1.639375307443998508e+02
-1.733822799211139625e+02
1.772860897172524233e+02
1.677650566753591477e+02
1.582830542163674750e+02
1.489141119636773851e+02
1.395429677826447232e+02
1.300770865311595514e+02
1.204812365305284203e+02
1.110191369920040501e+02
1.015773638410958029e+02
9.212891273864129005e+01
8.280858446507798476e+01
7.327851079053260719e+01
6.383883603657158545e+01
5.418309156368754742e+01
4.474116313120195798e+01
3.537206283201975054e+01
2.592790456799485810e+01
1.640222144123956483e+01
6.967657075462539318e+00
-2.460753589891414794e+00
-1.199994785663772134e+01
-2.143950236688905520e+01
-3.097909287717875770e+01
-4.033887306238340642e+01
-4.970214295819122441e+01
-5.939242198207748658e+01
-6.870125956895263641e+01
-7.804421131294105862e+01
-8.752345603399187723e+01
-9.702188780727530570e+01
-1.063904000071305234e+02
-1.158068632660318542e+02
-1.252593437706294281e+02
-1.346114972781290362e+02
-1.440639887643268366e+02
-1.536283455189629024e+02
-1.628976671933375258e+02
-1.723949248938546361e+02
1.782859246208716684e+02
1.688792838445304483e+02
1.594977523865456135e+02
1.500053584778721927e+02
1.405014883280827860e+02
1.309903271220604211e+02
1.215768865343276985e+02
1.121091068960333672e+02
1.026835872777438539e+02
9.314972198836085227e+01
8.375251109460005239e+01
7.426281604866562702e+01
6.461628097426078909e+01
5.520301453239696343e+01
4.582018395123399301e+01
3.629134014888460058e+01
2.689999219979324252e+01
1.721633673596950942e+01
7.830136946328689618e+00
-1.655371318687048454e+00
-1.103771415743780970e+01
-2.046160781705424370e+01
-2.997571294238204942e+01
-3.936521031243490398e+01
-4.891623075328568149e+01
-5.833854998073714881e+01
-6.778899272121610409e+01
-7.719700358396673323e+01
-8.658093627527824765e+01
-9.599714601211130116e+01
-1.053739438908960295e+02
-1.149404523867727193e+02
-1.244926521171406364e+02
-1.336842600201909477e+02
-1.430459226932465242e+02
-1.525233764084698862e+02
-1.620314621315444867e+02
-1.713900260229526111e+02
1.790908726765683241e+02
1.696951535312227861e+02
1.603571092076202831e+02
1.509853845735887603e+02
1.412777667339065033e+02
1.318733306591277881e+02
1.225938672399253164e+02
1.133098486789577777e+02
1.036859310965245555e+02
9.423282264174922318e+01
8.462454364652136007e+01
7.531844851951620967e+01
6.578258666031786106e+01
5.607392940202333875e+01
4.657607031859879498e+01
3.733546352078804631e+01
2.781574132034089075e+01
1.798921688954164821e+01
8.875922445220851387e+00
-5.627516258200920829e-01
-1.001874616974085441e+01
-1.974659885965512984e+01
-2.921082347015488523e+01
-3.890193930204265627e+01
-4.845844844698020637e+01
-5.753115817665641174e+01
-6.717086176535134712e+01
-7.665677604410892343e+01
-8.597513826532937742e+01
-9.533088173498599360e+01
-1.047775233526471652e+02
-1.139216084091264491e+02
-1.232263171503571044e+02
-1.327964979244557640e+02
-1.423351562309451879e+02
-1.517252100098697554e+02
-1.611765136073543374e+02
-1.706206549671355504e+02
-1.798374921470263530e+02
1.703712220398086572e+02
1.611263133553424609e+02
1.519071386093616525e+02
1.425436916582400499e+02
1.328904679950413765e+02
1.232509754290605883e+02
1.139523308239312769e+02
1.046822356213765772e+02
9.508187734807759739e+01
8.557352737656958652e+01
7.641559167379371331e+01
6.690531901971257867e+01
5.734745040474282263e+01
4.771547627887961340e+01
3.803121303965374977e+01
2.867576389608650089e+01
1.915395820329406718e+01
9.335566939444515100e+00
-5.642123189863743060e-02
-9.249026073821651650e+00
-1.867631742244116921e+01
-2.833424248312272908e+01
-3.801519551239365313e+01
-4.718706556191791890e+01
-5.668085378878298286e+01
-6.632796609830892010e+01
-7.597103218657075274e+01
-8.512422870822642551e+01
-9.484115766876064413e+01
-1.043707376020984583e+02
-1.134582156677898723e+02
-1.229708207743498178e+02
-1.318856222462470953e+02
-1.410586116580125520e+02
-1.505599866008651588e+02
-1.605400899396546777e+02
-1.699262429985811309e+02
-1.787206955205704730e+02
1.719293947994347036e+02
1.626885646474180760e+02
1.527585610617658745e+02
1.433694548872241228e+02
1.343929971544884268e+02
1.245365259047233621e+02
1.149716990552163054e+02
1.058587754199361513e+02
9.646981998516680790e+01
8.725088017786886496e+01
7.744486244244866668e+01
6.765072553942474087e+01
5.830047040442607198e+01
4.873139699915723355e+01
3.906083266651577190e+01
2.916323059231690351e+01
2.038817330941224171e+01
1.029407253517419463e+01
8.882354952397126802e-01
-8.378359417945421939e+00
-1.798125869388125153e+01
-2.754884926779759269e+01
-3.660755235304492317e+01
-4.622768445250706293e+01
-5.617687506692681154e+01
-6.503454822069065244e+01
-7.434448218289561794e+01
-8.380027965313814775e+01
-9.366750894242247227e+01
-1.028548351669154357e+02
-1.119824382031112577e+02
-1.215369645041293865e+02
-1.302563661467175393e+02
-1.400917957055098668e+02
-1.496339186939282513e+02
-1.591216574703892945e+02
-1.681125552370741616e+02
-1.772759612955717614e+02
1.726911507793654721e+02
1.636256059868782984e+02
1.544477587131978282e+02
1.451060679221914427e+02
1.361030743562811551e+02
1.262042929750334679e+02
1.171179486539051879e+02
1.072570087160320185e+02
9.848461358008637490e+01
8.809353074925245153e+01
7.843804279322095852e+01
6.866834308523888808e+01
5.940336626442903878e+01
4.987542536156509243e+01
4.101280252092730905e+01
3.123761614442919665e+01
2.122809574861521043e+01
1.117876888023304360e+01
1.935526306727692658e+00
-7.606389522015017945e+00
-1.755266925282625579e+01
-2.619968389372117912e+01
-3.623598706889928422e+01
-4.554276303180583341e+01
-5.471056926600986969e+01
-6.405996889693528829e+01
-7.395553616826920518e+01
-8.362114476847146705e+01
-9.320091476897707139e+01
-1.027929057443198957e+02
-1.105824071512371631e+02
-1.197813547688513580e+02
-1.295993357972276385e+02
-1.384844885945374244e+02
-1.483924977537413383e+02
-1.585522636728842087e+02
-1.668481121927936783e+02
-1.771827355259482033e+02
1.738353977015481178e+02
1.648722948179878074e+02
1.562334925309054370e+02
1.463301390609044574e+02
1.370825652797218481e+02
1.283650188223890041e+02
1.186949043793356395e+02
1.096614972573457436e+02
9.989699322958885830e+01
8.937893186519991673e+01
8.102117500285930873e+01
7.101278885468019553e+01
6.070863782901174233e+01
5.144347379629664374e+01
4.112742428802403793e+01
3.155879516289929754e+01
2.243860011280198918e+01
1.195754641313596167e+01
2.312449805066056019e+00
-6.926436368637278740e+00
-1.614106529691095560e+01
-2.512956166959474658e+01
-3.525328342019802363e+01
-4.540239486079987330e+01
-5.452834869538637719e+01
-6.432242003814754128e+01
-7.361547110472245947e+01
-8.184406546566238205e+01
-9.200635650389379805e+01
-1.006252985125641288e+02
-1.105236167090233721e+02
-1.200813654005477531e+02
-1.282707461604738342e+02
-1.377074719614174683e+02
-1.466715782182267276e+02
-1.560228273303170567e+02
-1.657015896534688864e+02
-1.750302592718781796e+02
1.753026824347681440e+02
1.668758756169388562e+02
1.582758084985757421e+02
1.476290100895190278e+02
1.371295392149291104e+02
1.289612300038688488e+02
1.202719235553364001e+02
1.102882488385940434e+02
9.970086210559082929e+01
8.982896833034416773e+01
8.097345078096006432e+01
7.139940370553142657e+01
6.131482096386843494e+01
5.196541849005168245e+01
4.194130242590141222e+01
3.284828590670605308e+01
2.294287883008558637e+01
1.298083603867066493e+01
2.605377996654684836e+00
-7.590577242736363139e+00
-1.621802803576440866e+01
-2.695500184695060497e+01
-3.463805354207828202e+01
-4.408480979828155455e+01
-5.411008313525386626e+01
-6.249154071439055969e+01
-7.388794507571928705e+01
-8.195158015277206687e+01
-9.051558364893757869e+01
-1.015373485694363467e+02
-1.095674668482723888e+02
-1.180878931682012478e+02
-1.289958201694661284e+02
-1.369480850065059485e+02
-1.461347760850064503e+02
-1.543746708900125952e+02
-1.643631613558378319e+02
-1.745696823791897714e+02
1.775814914606204411e+02
1.676631640293045393e+02
1.577697793108206383e+02
1.488031244940715112e+02
1.390112930822707824e+02
1.284895751146814291e+02
1.200321999339881387e+02
1.112546260234448141e+02
1.003123049143711825e+02
9.126367255165226311e+01
8.256859202882205295e+01
7.406628281466940678e+01
6.480352962987088006e+01
5.218004040340414207e+01
4.235943356134073667e+01
3.093218861266901598e+01
2.100400080610816644e+01
1.327147108504667727e+01
4.033411072769928829e+00
-5.118696536562008070e+00
-1.535688729854411072e+01
-2.518175714984013069e+01
-3.607601155636622536e+01
-4.553545898556152594e+01
-5.365539275291971677e+01
-6.141257226881310771e+01
-7.239881863220963965e+01
-8.211393877090505100e+01
-9.214525581071610816e+01
-9.759464336858502520e+01
-1.090404679846013636e+02
-1.141209831194350670e+02
-1.266928164735385565e+02
-1.386060235022881955e+02
-1.458668613292150269e+02
-1.546492119853240297e+02
-1.650809230713943521e+02
-1.745266960508378133e+02
1.793979649295409899e+02
1.713843518158245729e+02
1.615310880633730335e+02
1.506131297915920868e+02
1.427126941671169504e+02
1.312806114576924585e+02
1.199346017277596417e+02
1.133580995099963360e+02
1.043574702625976300e+02
9.411912797925495511e+01
8.672605510930479511e+01
7.374454736760436901e+01
6.122172064652218637e+01
5.681369246616858248e+01
4.785780352508941604e+01
3.600817560410980889e+01
2.359053314032669135e+01
1.307154964868594860e+01
4.450369704845803298e+00
-6.991925346667335006e+00
-1.520803919063432552e+01
-2.553878765309957188e+01
-3.487201778936505292e+01
-4.370483780415884212e+01
-5.666780277022761680e+01
-6.489625891379895961e+01
-7.083766064502343340e+01
-8.402567671351386025e+01
-9.106832893965751907e+01
-1.020033033964712956e+02
-1.078188889145156679e+02
-1.180144701096459414e+02
-1.280857657020732461e+02
-1.379724880351643890e+02
-1.428266610050131362e+02
-1.510163591783665424e+02
-1.622498286840764479e+02
-1.716881351200057679e+02
-1.761655352094367117e+02
1.725160632518642103e+02
1.650887894087454697e+02
1.549106261310612069e+02
1.433176492440969696e+02
1.351152831029968411e+02
1.269039617200106846e+02
1.157960264944923239e+02
1.034749613978876539e+02
9.477832162365852753e+01
8.636401982152446521e+01
7.755757862495184440e+01
7.049755149333313398e+01
5.850145085182508353e+01
4.671177817904952434e+01
3.314022087904984204e+01
2.091399935671130805e+01
1.881188930251790481e+01
2.898576799281518568e+00
-9.022319386055263735e+00
-2.128863278782114321e+01
-3.076663880227325620e+01
-4.020410322944737658e+01
-4.979983611390142784e+01
-5.663764546567475122e+01
-6.256027205179658068e+01
-7.447588900324083738e+01
-8.770938995735569677e+01
-9.270062933738918787e+01
-9.973272503296864500e+01
-1.101247716221143946e+02
-1.196523569049948037e+02
-1.280405779284926098e+02
-1.403893117599641585e+02
-1.459413066258971128e+02
-1.509266165572677778e+02
-1.599469566443299868e+02
-1.674483014492614927e+02
1.773102296768378778e+02
1.751525926094207364e+02
1.688942568950032523e+02
1.575838525206459622e+02
1.499695508027886035e+02
1.427722879300651471e+02
1.267711970035661011e+02
1.171213034041509502e+02
1.140289059998986829e+02
1.024529527938254603e+02
8.923610153906413700e+01
7.966729948407297002e+01
6.673229518993865383e+01
5.655100726252155852e+01
4.436575528557096249e+01
3.609828396710562970e+01
2.805291870590392023e+01
1.635581710101617503e+01
8.667387179954918253e+00
-9.710569266012836209e+00
-1.945797901158856291e+01
-2.894001269283745614e+01
-3.576287060016088049e+01
-5.030510960620706840e+01
-6.021796191221015704e+01
-6.819859051364369407e+01
-7.121137801782684562e+01
-7.658129191892621179e+01
-9.204540848888116500e+01
-1.049854358103148968e+02
-1.088531587644119298e+02
-1.129228006844562344e+02
-1.265944392897004604e+02
-1.397636416907169803e+02
-1.408416188668096254e+02
-1.471490916074316431e+02
-1.556198726489959938e+02
-1.624331026268128539e+02
1.790659124460190412e+02
1.734071272923943638e+02
1.678831380708663801e+02
1.524592026356171743e+02
1.507289530791341576e+02
1.447998486688580897e+02
1.365848543930415246e+02
1.242263618122156288e+02
1.100715258645314805e+02
9.756839702158301009e+01
8.900365210348921607e+01
8.175367918552609581e+01
7.171084164999248856e+01
5.703911211601853637e+01
4.577422016492504753e+01
3.341658139531072891e+01
1.885315876441786997e+01
8.066931729792569783e+00
-8.550973962666668093e-01
-8.376005477426126333e+00
-2.219028889612108557e+01
-4.095041829672592826e+01
-4.573767313742919072e+01
-5.726477372788863107e+01
-6.444003482817194595e+01
-6.714518003821886794e+01
-7.384606715089424256e+01
-8.233319573818039316e+01
-8.689397290437784704e+01
-9.886826283320108644e+01
-1.115409759185311032e+02
-1.241249417519977101e+02
-1.180724869358451912e+02
-1.250248732795331250e+02
-1.401500823380105771e+02
-1.537221433074190600e+02
-1.554622715234119710e+02
-1.587494944928563143e+02
-1.729665835402936693e+02
1.791756571791430588e+02
-1.786140821491760278e+02
1.592957763706475021e+02
1.566356555239300690e+02
1.506977925178514113e+02
1.309406536351921204e+02
1.301559996249107485e+02
1.169878905817407855e+02
9.662077608230860903e+01
9.472013693103733090e+01
8.032664456759121663e+01
8.029334759065500293e+01
5.678474850625907067e+01
5.272182580012750464e+01
4.654815769897490441e+01
1.425003269780265569e+01
2.583675422399986132e+01
-1.701354605326012015e+00
-2.030447370995910106e+01
-2.953878225955615022e+01
-3.865980825408754384e+01
-4.315238973400256128e+01
-5.521086769107428438e+01
-5.032275070776492498e+01
-6.368735150520697630e+01
-7.325424946167508722e+01
-8.250414236026470860e+01
-1.017881832991009219e+02
-9.363295073948205527e+01
-1.102726856133025990e+02
-1.195259873112338909e+02
-1.265730309785109995e+02
-1.230238675557885273e+02
-1.319151876694937471e+02
-1.405993393365113207e+02
-1.548552143693108860e+02
-1.484258092497049120e+02
-1.660752267795796513e+02
-1.745596679689830069e+02
-1.789583733239782362e+02
1.794490960207696162e+02
1.749993554024300124e+02
1.399697407281010726e+02
1.340122396003513643e+02
1.404118691523077871e+02
1.737459672560721060e+02
1.311859251657010077e+02
1.282544203525087312e+02
8.436931724235918750e+01
6.164503821467188516e+01
6.310376303450247093e+01
6.955045238920284589e+01
2.319859051364666058e+01
1.658733855692631920e+01
1.245364266768265615e+00
-2.768106156848343602e+01
-3.619320730556231069e+01
-4.729061004263541435e+01
-6.465382405804905375e+01
-3.920720350496525697e+01
-4.896465472285289877e+01
-5.517551084303956799e+01
-6.855226367289013467e+01
-8.694711748520184358e+01
-9.408561677996868866e+01
-1.045535727907056582e+02
-1.116055272426311404e+02
-1.231113419603639301e+02
-1.323162248405222954e+02
-1.295076754428640413e+02
-1.296441749571362720e+02
-1.368476102659855940e+02
-1.558790168805471694e+02
-1.396106493186514115e+02
-1.578336541779071638e+02
-1.640546040990663528e+02
-1.674711922908374504e+02
-1.776467031338799814e+02
1.784724745577753424e+02
1.696026664775525035e+02
1.568014094863414698e+02
1.477712425648917076e+02
1.561940564815320158e+02
1.232317110679712329e+02
1.433929251873830708e+02
1.409644871012438330e+02
1.276942404666807676e+02
8.999999999999407407e+01
1.339249775375021301e+01
5.974356283646680055e+01
1.339249775375021301e+01
5.313010235415248417e+01
-9.211026540816060759e+00
-5.500797980143771326e+01
-2.789727103094579164e+01
-7.938034472383964157e+01
-7.596375653206852974e+01
-4.707003065303799616e+01
-5.184277341262752969e+01
-7.156505117707327202e+01
-1.090934920004784345e+02
-1.030693178962753791e+02
-9.666665989089499078e+01
-1.026086067933594705e+02
-1.110375110254145028e+02
-1.285006537203369703e+02
-1.361017061151974303e+02
-1.467456334252782995e+02
-1.454516329439791207e+02
-1.291932730944599257e+02
-1.366135389328721885e+02
-1.485704343851516853e+02
-1.427920780782090446e+02
1.792042764472489296e+02
1.702175929681814921e+02
-1.558333701570042535e+02
-1.673004155103916162e+02
1.651243179983503353e+02
1.692157021324262587e+02
1.625252257437336425e+02
1.697960262782571590e+02
1.634956386182342101e+02
1.334518423010132437e+02
1.236900675259716280e+02
8.642366562499695704e+01
8.653177074107715328e+01
-1.003048464687594219e+02
-2.769947280805317646e+01
-1.669924423399252333e+01
-3.865980825408754384e+01
-3.625383773744240301e+01
-7.869006752597461229e+01
-1.615650511770673461e+02
-1.594439547804060453e+02
0.000000000000000000e+00
-4.766300076606400182e+01
-8.272499504210530574e+01
-7.911447294533606112e+01
-1.050183606311437501e+02
-1.019761324441966366e+02
-1.223806777065611726e+02
-1.063895403340277852e+02
-8.507289005234538593e+01
-1.222756443145695755e+02
-1.302921477556191974e+02
-1.311859251657010077e+02
-1.152531633945663003e+02
-1.110375110254145028e+02
-1.422243156940359654e+02
-1.323574547059265569e+02
-1.476525565005482292e+02
-1.612882621248896271e+02
-1.599284741354507275e+02
1.756839724801228328e+02
-1.541336432058953392e+02
1.676609127216627826e+02
-1.550952311918946123e+02
1.587494944928563143e+02
1.431301023541465440e+02
1.724761795613499942e+02
-1.655792268724781025e+02
1.742894068624888746e+02
-1.756012946449929188e+02
1.236900675259716280e+02
1.118014094863444541e+02
1.441623470457122096e+02
-6.555604521957914699e+01
-1.401944289077255803e+02
1.633007557659956319e+02
2.947588900324380390e+01
-1.008403054543239392e+02
-4.836646066342662209e+01
-6.819859051364369407e+01
-7.156505117707327202e+01
-9.986580694307779993e+01
-8.399099404249996326e+01
-1.066992442339865903e+02
-1.090256060375615164e+02
-7.156505117707327202e+01
-8.503025927188409128e+01
-1.016893691754325033e+02
-8.745519562018114357e+01
-1.328789036033297748e+02
-1.236900675259716280e+02
-1.466114864238788300e+02
-1.695625246488706637e+02
-1.632016282186839646e+02
-1.325804907833349375e+02
-1.633007557659956319e+02
-1.485231606504062540e+02
-1.361233027140664547e+02
1.610753555839381761e+02
-1.512940474565889701e+02
-1.736598082540786834e+02
1.744006606634679315e+02
-1.585522636728842087e+02
-1.197448812969343521e+02
-1.579321004375793791e+02
-1.608209919741786962e+02
1.349999999999911040e+02
6.224145939893588064e+01
1.509453959009129278e+02
1.298055710922566561e+02
-1.521027289690423459e+02
8.999999999999407407e+01
-4.499999999999703704e+01
-8.186989764583863405e+01
3.096375653207148204e+01
3.865980825408754384e+01
-6.423067237565706478e+01
-4.287890360333572914e+01
-5.222431569404189844e+01
-1.364688007143768402e+02
-8.523635830926821200e+01
-1.032405199151804140e+02
-1.056422464572017645e+02
-1.594439547804060453e+02
-1.165650511770703162e+02
-1.002039737217250774e+02
-1.182173558547215322e+02
-1.110375110254145028e+02
-1.341449026037244323e+02
-1.754860115419871818e+02
-1.686900675259686864e+02
-1.459540626433887383e+02
-1.395739212598916481e+02
-1.325104470779921257e+02
-1.496208739886218098e+02
-1.650685828218515780e+02
-1.398207660780834374e+02
-1.202564371635213547e+02
-1.490362434679166768e+02
-1.518214098900308500e+02
-1.339949139947370043e+02
-1.495344550805302788e+02
-1.249920201985504491e+02
-1.633007557659956319e+02
1.596768631703265271e+02
-1.640546040990663244e+02
-1.708376529542670426e+02
1.712538377374335141e+02
1.637397952916772681e+02
-1.188107937429652310e+02
-1.404773687288196129e+02
1.615650511770673461e+02
-1.451246716553882550e+02
-6.025511870305381734e+01
1.144439547804090012e+02
-1.157693276243310834e+02
-1.216075022462408981e+02
-9.266300076606104597e+01
-1.148803668591741456e+02
-1.009228047198626257e+02
-8.999999999999407407e+01
-9.813010235414952831e+01
-1.268698976458356782e+02
-1.738844964337031342e+02
-1.298055710922566561e+02
-1.401944289077255803e+02
-1.633007557659956319e+02
-1.258376529542699984e+02
-1.349999999999911040e+02
-1.141022345011536459e+02
-1.247559125535331361e+02
-1.752363583092623003e+02
-1.231113419603639301e+02
-1.236900675259716280e+02
-1.124427533652869471e+02
-1.146768631703294972e+02
-1.202564371635213547e+02
-1.725685920288161128e+02
-1.628972710309369063e+02
-1.442933085993876148e+02
-1.095922818910443084e+02
-1.615650511770673461e+02
-1.165650511770703162e+02
-1.059453959009158694e+02
-1.063895403340277852e+02
-1.349999999999911040e+02
-1.772736890060820656e+02
-6.709836807756491162e+00
-8.802506598911222113e+01
-5.313010235415248417e+01
-6.287869659583719795e+01
-7.869006752597461229e+01
-1.105560452195761769e+02
-9.832565033042035907e+01
-1.426506509553500450e+02
-1.615650511770673461e+02
-1.126198649480330118e+02
-1.401944289077255803e+02
-1.360050860052452322e+02
-7.203086025983824925e+01
-1.718698976458327365e+02
1.760995062576065209e+02
-1.539045758426015311e+02
-1.423057595333014547e+02
-1.040362434679196326e+02
-1.330694125588242400e+02
-1.484652080948019375e+02
-1.642913621709734286e+02
-1.396354634268934376e+02
1.760090869015586179e+02
-1.422531946127159870e+02
-1.245922886875017497e+02
-1.703802722002899372e+02
1.752363583092623003e+02
-1.478042660652770053e+02
-1.477243556854126325e+02
-1.528786965958312578e+02
-1.095731258304029865e+02
-1.283674853848530972e+02
-1.768201698801241264e+02
-1.752363583092623003e+02
-1.768201698801241264e+02
-1.707538872544255071e+02
1.756012946449929188e+02
-1.335679038158265826e+02
-1.165650511770703162e+02
-1.475288077091418018e+02
-1.059453959009158694e+02
-1.110375110254145028e+02
-7.506858282185750397e+01
-8.999999999999407407e+01
-1.112505055071259079e+02
-1.540577045101181852e+02
-1.233885135761033922e+02
-8.733699923392710218e+01
-1.178972710309398622e+02
-9.634019174590356727e+01
-1.410090059574852432e+02
-1.631785901099484306e+02
-1.651735200296334369e+02
-1.372025981617567822e+02
8.287498365109273379e+01
1.424314079711631393e+02
-1.365481576989689927e+02
-1.631416012322509914e+02
-1.600168934780894858e+02
-1.651735200296334369e+02
-1.479946167919067364e+02
-1.395139884579920704e+02
-1.392678933002816564e+02
-1.454914770123220080e+02
-1.380127875041742698e+02
1.349999999999911040e+02
-1.332642954110628466e+02
-1.340906195507920415e+02
-1.049314171781306442e+02
-1.209637565320655597e+02
-1.477243556854126325e+02
-1.712538377374335141e+02
-1.615650511770673461e+02
-1.421250163488924443e+02
-1.265288553669768277e+02
-1.622995722113221291e+02
-1.496208739886218098e+02
1.555560452195732353e+02
1.710273733850923747e+02
-1.349999999999911040e+02
-1.511134182330793578e+02
-1.550560947365651998e+02
1.764236656249910311e+02
-1.502551187030478843e+02
-1.084349488229148761e+02
-1.053332847930466158e+02
-1.369749340108729427e+02
-1.158209919741816663e+02
-1.376425452940556511e+02
-1.301559996249107485e+02
-1.006196552761485208e+02
-1.278749836510897779e+02
-1.378155566842021642e+02
-1.118014094863444541e+02
-1.314677054161004719e+02
-1.637397952916772681e+02
-1.424314079711631393e+02
-7.747119229084339054e+01
-1.120678995624028431e+02
-1.331523897339966425e+02
-1.047435628364638376e+02
-1.091790080258035260e+02
-1.653791260113574424e+02
-1.400131137550265805e+02
-1.539246444160411045e+02
-1.349999999999911040e+02
-1.728749836510868079e+02
-1.281572265873606113e+02
-1.742894068624888746e+02
-1.486713071321860298e+02
1.781523897339936582e+02
1.738844964337031342e+02
-1.640546040990663244e+02
-1.003048464687594219e+02
-1.111612598168209587e+02
-1.360050860052452322e+02
-1.102248594311608230e+02
-1.129321004375823492e+02
-1.246951535312257704e+02
-1.667594800848018508e+02
-1.667014296694947291e+02
-1.245085229876602000e+02
-1.033245312618839762e+02
-1.244389893087954420e+02
-1.059453959009158694e+02
-1.206506679570449165e+02
-1.364688007143768402e+02
-1.654655449194490018e+02
-1.393987053549863333e+02
-1.413401917459005972e+02
-1.612413496521471359e+02
-1.227352262720995242e+02
-8.999999999999407407e+01
-9.946232220801907431e+01
-9.965989307843577194e+01
-1.325104470779921257e+02
-1.539704078084764092e+02
-1.204110812671174244e+02
-1.548851651138452326e+02
-1.447824070317977316e+02
-1.133852210572062802e+02
-1.682317110679682628e+02
-1.442933085993876148e+02
-1.631132088760452348e+02
-9.519442890772853616e+01
-1.448658069430748299e+02
-1.349999999999911040e+02
1.456196552761455507e+02
-1.073540246362542518e+02
-1.565713071912442729e+02
-9.327048792317741288e+01
-1.290938588862209997e+02
-1.389909130984206058e+02
1.667594800848018508e+02
-1.594439547804060453e+02
1.570678995623998730e+02
-1.385763343749882210e+02
-1.311859251657010077e+02
-1.674711922908374504e+02
-7.001689347809541175e+01
-6.224145939893588064e+01
-4.684761026599151279e+01
-1.512602047083020125e+02
-1.253624618870608174e+02
-1.505241109967443265e+02
-1.407105931374904060e+02
-1.128336541779101196e+02
-1.211593045083364046e+02
-1.450079798014317873e+02
-1.505241109967443265e+02
-1.473807569287974957e+02
-1.739909940424939805e+02
1.507511736634430974e+02
-1.627585406010493045e+02
-1.274761795613529785e+02
-1.633930194213722586e+02
-1.683663660010484762e+02
-1.349999999999911040e+02
1.754260787400875756e+02
-1.622995722113221291e+02
-1.075255683737157852e+02
-1.033924977537442942e+02
-8.999999999999407407e+01
-1.784518423010103163e+02
-1.524471884232721663e+02
-1.319872124958079667e+02
-1.017682889320139594e+02
-1.066992442339865903e+02
-8.007375449334301720e+01
-1.636104596659544654e+02
-1.521027289690423459e+02
1.759143832200135478e+02
-1.361691393278984208e+02
-1.663730051400975185e+02
1.783153156820919776e+02
-1.253624618870608174e+02
-1.398990924537785645e+02
-1.679052429229768393e+02
-1.341185960034090385e+02
1.659637565320625754e+02
-9.544033203099921536e+01
-1.236900675259716280e+02
-1.212184027643383928e+02
-1.288844964337061185e+02
-1.515570713756266628e+02
-1.236900675259716280e+02
-7.070995378080661453e+01
1.463099324740105942e+02
1.624744316262664370e+02
-1.522414593989299476e+02
-1.221522951412743083e+02
-1.115014343240405736e+02
-1.048264799703487711e+02
-1.606410058242946945e+02
-1.615650511770673461e+02
-6.343494882291783199e+01
-1.286598082540816392e+02
-1.474259428654177952e+02
-1.626459753637279846e+02
-1.463099324740105942e+02
-1.126198649480330118e+02
-1.178240963842454931e+02
-1.631416012322509914e+02
-9.813010235414952831e+01
-9.712501634889541435e+01
-8.090972307917236606e+01
-1.258376529542699984e+02
-1.337269699799344949e+02
-1.349999999999911040e+02
-1.416325146151291392e+02
-1.409644871012438330e+02
-1.304860115419901376e+02
-1.659637565320625754e+02
1.799999999999881481e+02
-1.205792268724810725e+02
-1.550952311918946123e+02
-1.696951535312227861e+02
-9.743140797116608098e+01
-1.152011236454674901e+02
-1.147751405688243693e+02
-8.053767779196908805e+01
-5.772435568541857265e+01
-1.190546040990692944e+02
-1.084349488229148761e+02
-1.321844433157800722e+02
-1.286598082540816392e+02
-1.232748879848268047e+02
-1.321375947738795560e+02
-1.139624889745706753e+02
-1.229052429229798236e+02
-1.534349488229119061e+02
-1.047435628364638376e+02
-1.534349488229119061e+02
-1.622553283749323896e+02
-1.253112134396249360e+02
-1.631416012322509914e+02
-1.327974018382254542e+02
-1.265288553669768277e+02
-1.226609127216657242e+02
-9.882037955201455759e+01
-1.534349488229119061e+02
1.782100893917422013e+02
-1.172995722113250849e+02
-1.202564371635213547e+02
-1.170955524937440799e+02
-1.197448812969343521e+02
-1.640546040990663244e+02
-1.453048464687564660e+02
-1.249920201985504207e+02
-1.165650511770703162e+02
-1.222756443145695755e+02
-1.113706222693358541e+02
-6.138954033403074106e+01
-1.065043613817480121e+02
-1.019441771884396246e+02
-1.481092081981445574e+02
-1.615650511770673461e+02
-9.544033203099921536e+01
-1.038150253412547670e+02
-1.316335393365615118e+02
6.944395478041195702e+01
1.516992442339836487e+02
-1.155599651718162164e+02
-9.981930063875131509e+01
-8.999999999999407407e+01
-1.280470425318176524e+02
-1.216075022462408981e+02
-1.220053832080754574e+02
-1.258376529542699984e+02
-6.874949449286222602e+01
-1.050183606311437501e+02
-1.310548137709538139e+02
-1.431301023541465440e+02
-1.044702941000590215e+02
-1.783153156820919776e+02
-1.349999999999911040e+02
-1.121663458220750726e+02
-1.047435628364638376e+02
-9.921102654081013839e+01
-1.246951535312257704e+02
-1.213730051401004602e+02
-1.165650511770703162e+02
-9.535582504284890604e+01
-1.596768631703265271e+02
-1.380127875041742698e+02
-1.236900675259716280e+02
-1.630724869358422211e+02
-2.462356478616199240e+01
-1.165650511770703162e+02
-1.549831065218897947e+02
-1.403893117599641585e+02
-1.377263109938971866e+02
-1.374895529219901107e+02
-1.294724598483352906e+02
-1.627185016281726462e+02
-1.411155035662761179e+02
-1.495344550805302788e+02
-1.306012946449958747e+02
-1.444623222080161042e+02
-1.645778386812504834e+02
-1.640546040990663244e+02
1.772072976342750508e+02
1.701341930569044507e+02
-1.318201698801270823e+02
1.585522636728842087e+02
-1.252175929681844622e+02
1.645778386812504834e+02
-1.217014296694977133e+02
-1.325104470779921257e+02
-1.232317110679712329e+02
-1.259097230791693818e+02
-1.165650511770703162e+02
-9.842696902147419280e+01
-1.149047688080876242e+02
-1.130254920085206010e+02
-1.023807569288004373e+02
-1.263843518158275572e+02
-1.405993393365113207e+02
-1.555560452195732353e+02
-1.731572265873576271e+02
-1.299575489308205363e+02
-1.726476206400962781e+02
-1.366846843178873030e+02
-1.314964683552068720e+02
-1.274761795613529785e+02
-1.367899106082370508e+02
-1.139624889745706753e+02
-1.659637565320625754e+02
-1.363322198538606642e+02
-9.813010235414952831e+01
-1.069275130641400153e+02
-1.124794343970957158e+02
1.444623222080161042e+02
-1.474499965077968966e+02
-1.605599651718132463e+02
-1.134286928087379351e+02
-1.284180553448135242e+02
-1.298055710922566561e+02
-1.572490236572020024e+02
-1.307321066997005801e+02
-1.302363583092652561e+02
-1.544400348281660342e+02
-1.502551187030478843e+02
-9.813010235414952831e+01
-1.311859251657010077e+02
-8.053767779196908805e+01
1.534349488229119061e+02
-1.349999999999911040e+02
-1.647448812969313963e+02
-1.102248594311608230e+02
-1.553231368296527251e+02
1.718698976458327365e+02
-1.084349488229148761e+02
-1.145377284765702512e+02
-1.518583987677282892e+02
-1.431301023541465440e+02
-9.272631099390017084e+01
-1.311859251657010077e+02
-1.268698976458356640e+02
-1.721847064532217928e+02
-1.541790080258005844e+02
-1.454077113124804725e+02
-1.228285417914044473e+02
-1.327093899573527551e+02
-1.105560452195761769e+02
-1.084349488229148761e+02
-8.618592516570397777e+01
-1.194758890032378815e+02
-1.336028189726948199e+02
-1.457131230227814456e+02
-1.209637565320655597e+02
-1.122490236572049724e+02
-1.555560452195732353e+02
-1.242157021324292288e+02
-1.209637565320655597e+02
-8.787890360333275908e+01
-7.474488129693730798e+01
-1.444623222080161042e+02
-1.338766972859157534e+02
-1.481340223063865835e+02
-1.431301023541465440e+02
-1.333634229583744855e+02
-1.422531946127159870e+02
-1.513895403340248151e+02
-1.633007557659956319e+02
-1.571663458220721168e+02
-1.299575489308205363e+02
-1.409644871012438330e+02
-1.594439547804060453e+02
-1.278749836510897779e+02
-1.640546040990663528e+02
-1.615650511770673461e+02
1.615650511770673461e+02
-1.376025622024907307e+02
-1.378624052261026804e+02
-1.316335393365615118e+02
-1.316335393365615118e+02
-1.534349488229119061e+02
1.425238204386292296e+02
-1.705376777919631479e+02
-9.286240522610562209e+01
-1.248753283445939388e+02
-4.697493401087888287e+01
-7.156505117707327202e+01
-1.146235647861560665e+02
-1.322736890060850214e+02
-1.398990924537785645e+02
-1.626459753637279846e+02
-1.318778695378755970e+02
-1.249920201985504207e+02
-1.516992442339836487e+02
-1.758403577062757677e+02
-1.391849161251092255e+02
-1.013099324740135359e+02
-1.436156481841546793e+02
-1.512602047083020125e+02
-1.475288077091418018e+02
-1.413401917459005972e+02
-1.383664606634206962e+02
-1.444623222080161042e+02
-1.362188752351223400e+02
-1.603461759419361385e+02
-1.332642954110628466e+02
-1.349999999999911040e+02
1.597751405688213993e+02
-1.298055710922566561e+02
-1.451755108430336350e+02
-1.600168934780894858e+02
-1.568014094863414698e+02
-1.451755108430336350e+02
-1.490362434679166768e+02
-1.214295656148305085e+02
-1.298055710922566561e+02
-1.698753283445909972e+02
-1.371210963966524332e+02
-7.596375653206852974e+01
-8.256859202882205295e+01
-1.051240073083036464e+02
-8.999999999999407407e+01
-1.118014094863444541e+02
1.682317110679682628e+02
-1.367357045889193898e+02
-1.399697407281010726e+02
-1.303141001604886924e+02
-1.230238675557885273e+02
-1.308150838748729825e+02
-1.511892062570169912e+02
-1.534349488229119061e+02
-1.179794743884723687e+02
-1.534349488229119061e+02
-1.319872124958079667e+02
-1.396354634268934376e+02
-1.472647737278826980e+02
-1.058025139539285675e+02
-1.405993393365113207e+02
-1.165650511770703162e+02
-1.003048464687594219e+02
-1.001246716553912393e+02
-9.220259816175973810e+01
-1.268698976458356640e+02
-1.454914770123220080e+02
-8.287498365109273379e+01
-1.184956386182371801e+02
-1.458855270546491170e+02
-1.209637565320655597e+02
-1.229694039034540367e+02
-1.400131137550265805e+02
-1.670925913287231594e+02
-1.450079798014317873e+02
-1.172995722113250849e+02
-9.496974072810405687e+01
-1.174744316262693928e+02
-1.732901631922316597e+02
-8.836342295837745553e+01
-1.306012946449958747e+02
-1.217014296694977133e+02
-1.556954507340530540e+02
-8.821008939174812724e+01
-1.216075022462408981e+02
-1.165650511770703162e+02
-5.630993247401651303e+01
-1.213286928677961782e+02
-1.372025981617567822e+02
-1.040362434679196326e+02
-1.490362434679166768e+02
-1.076501242199230290e+02
-1.243803447238366715e+02
-1.261581854398000218e+02
-1.276942404666807676e+02
-1.371210963966524332e+02
-1.385035316447753360e+02
-1.037362683056157522e+02
-1.154633450618640182e+02
-1.271847064532247344e+02
-1.572490236572020024e+02
-1.455610106911867945e+02
-1.165650511770703162e+02
-1.581985905136377539e+02
1.710273733850923747e+02
-1.510490047925232773e+02
-1.427651660184159255e+02
-1.274053566314001671e+02
-1.076501242199230290e+02
-1.129321004375823492e+02
-1.084349488229148761e+02
-1.289275435927838203e+02
-1.260273733850953164e+02
-1.211849746587303969e+02
-8.053767779196908805e+01
-1.059453959009158694e+02
-1.651735200296334369e+02
-1.358550973962577757e+02
-1.415462907832847179e+02
-1.722348339815632983e+02
-1.581985905136377539e+02
1.693803447238337014e+02
-1.691144729453301068e+02
-1.206506679570449165e+02
-1.761859251656980518e+02
-1.262538377374364842e+02
1.349999999999911040e+02
-1.392363947990496911e+02
-1.709605171966335888e+02
-1.534349488229119061e+02
-1.611139126302800832e+02
-1.731572265873576271e+02
-1.444623222080161042e+02
-1.174075754378106780e+02
-9.861564818415762090e+01
-8.999999999999407407e+01
-1.431301023541465440e+02
-1.316335393365615118e+02
-1.391849161251092255e+02
-1.482405199151774298e+02
-1.328789036033297748e+02
-1.460409401803141236e+02
-1.644071890607228568e+02
-1.425238204386292296e+02
-1.413401917459005972e+02
-1.490362434679166768e+02
-1.094400348281689759e+02
-7.675948008480774831e+01
-1.114477363270980277e+02
-1.367357045889193898e+02
-1.268698976458356782e+02
-1.339583733239812204e+02
-1.381221304621066395e+02
1.752363583092623003e+02
-1.029946167919097206e+02
-1.013099324740135359e+02
-1.431301023541465440e+02
-1.259097230791693818e+02
-1.386913859864421283e+02
-1.257066914005946074e+02
-1.339190758133305224e+02
-1.372906100426295097e+02
-1.095922818910443084e+02
-1.084349488229148761e+02
-1.289275435927838203e+02
-1.401944289077255803e+02
-1.197448812969343521e+02
-1.286598082540816392e+02
-1.029946167919097206e+02
-1.419529574681645840e+02
-1.078188889145156963e+02
-1.284180553448135242e+02
-1.540934920004754645e+02
-1.695625246488706637e+02
-1.306012946449958747e+02
-1.108067910127039397e+02
-1.231113419603639301e+02
-1.308150838748729825e+02
-1.200685828218545481e+02
-1.450079798014317873e+02
-1.575205656028865064e+02
-1.229694039034540367e+02
-1.268698976458356640e+02
-1.556954507340530540e+02
-1.407105931374904060e+02
-1.194274564031818926e+02
-1.301559996249107485e+02
-1.604268741695792642e+02
-1.568014094863414698e+02
-1.131985905136407382e+02
-1.448658069430748299e+02
-1.529279197619971740e+02
1.799999999999881481e+02
1.139624889745706753e+02
-1.249920201985504207e+02
-1.325104470779921257e+02
1.396354634268934376e+02
-1.262538377374364842e+02
-9.408561677996868866e+01
-8.287498365109273379e+01
-1.035704343851546696e+02
-1.192913621709763987e+02
-1.381798301198551258e+02
1.759143832200135478e+02
-1.428152935467574594e+02
-1.413401917459005972e+02
-1.323974377974914773e+02
-8.863607246839124798e+01
-1.380127875041742698e+02
-1.386214847041082123e+02
1.773974377974884931e+02
-1.422531946127159870e+02
-1.499314171781277025e+02
-1.052551187030508402e+02
-1.112505055071259079e+02
-1.423057595333014547e+02
-1.600168934780894858e+02
-1.492645122980700876e+02
-1.620720802379820782e+02
-1.573801350519492246e+02
-1.342151753969992853e+02
-1.306012946449958747e+02
-1.649816393688384721e+02
-1.314236656249939870e+02
-1.777093899573497993e+02
-1.467251120151554176e+02
-1.157693276243310834e+02
-1.131985905136407382e+02
-1.333634229583744855e+02
-1.495344550805302788e+02
1.560375110254115327e+02
-1.692157021324262587e+02
-1.383664606634206962e+02
-1.334088597287966138e+02
-4.939870535499228055e+01
-1.174075754378106780e+02
-8.999999999999407407e+01
-1.043813945910837333e+02
1.799999999999881481e+02
-1.680238675557855856e+02
-7.596375653206852974e+01
-1.203791260113604125e+02
-1.016336339989337318e+02
1.718698976458326797e+02
-1.431301023541465440e+02
-1.248244891569485731e+02
-8.999999999999407407e+01
-1.309143832200165036e+02
-1.628972710309369063e+02
-1.349999999999911040e+02
-1.625528115767070858e+02
-1.640546040990663528e+02
-1.403893117599641585e+02
-1.431301023541465440e+02
-1.506422464571988087e+02
-1.635399851879491848e+02
-1.349999999999911040e+02
-7.938034472383964157e+01
-1.321844433157800722e+02
-1.150168934780924417e+02
-1.519275130641370595e+02
-1.157099537808036303e+02
-1.396354634268934376e+02
-1.680558228115425834e+02
-1.224711922908404205e+02
-1.201735200296364070e+02
-1.534349488229119061e+02
-1.392678933002816564e+02
-1.252175929681844622e+02
-1.349999999999911040e+02
-1.522414593989299476e+02
-1.286598082540816392e+02
1.454914770123220080e+02
-1.493493320429372773e+02
-1.760548137709508580e+02
-1.453048464687564660e+02
-1.607099537808007028e+02
-1.641974860460536547e+02
-1.510735741647364421e+02
-1.202564371635213547e+02
-1.251341930569074066e+02
-1.057086378290087794e+02
-1.275685920288190829e+02
-1.328789036033297748e+02
-1.742894068624888746e+02
-1.493002774491757521e+02
-1.265288553669768277e+02
-1.268698976458356640e+02
-1.457842978675530219e+02
-1.586820877245280030e+02
-1.444623222080161042e+02
1.739909940424939805e+02
-1.581985905136377539e+02
-8.999999999999407407e+01
-8.999999999999407407e+01
-1.643577535427804435e+02
-1.202564371635213547e+02
-1.391849161251092255e+02
-1.478477048587079139e+02
-1.197448812969343521e+02
-1.666075022462379422e+02
-1.268698976458356640e+02
-1.290938588862209997e+02
-1.369749340108729427e+02
-1.252724214485901655e+02
-1.401944289077255803e+02
-1.118014094863444541e+02
-1.745596679689830069e+02
-1.034957332807889969e+02
-1.363322198538606642e+02
-1.590754982550683678e+02
-5.974356283646680055e+01
1.556954507340530540e+02
-1.597174409110728845e+02
-1.392363947990496911e+02
-1.470947570770024129e+02
-1.739909940424939805e+02
-1.268698976458356640e+02
-1.534349488229119061e+02
-1.401944289077255803e+02
-1.141791071466816589e+02
-1.358550973962577757e+02
-8.581508387487593836e+01
-1.294724598483352906e+02
-1.549831065218897947e+02
-1.188865817669028928e+02
-1.513895403340248151e+02
-1.186104596659574355e+02
-1.228285417914044473e+02
-1.131985905136407382e+02
-1.283674853848530972e+02
-1.714692343900405831e+02
-1.263843518158275572e+02
-9.476364169071993615e+01
-1.752363583092623003e+02
-1.586293777306463824e+02
-1.257538872544284771e+02
-9.712501634889541435e+01
-1.413401917459005972e+02
-1.377263109938971866e+02
-1.349999999999911040e+02
-1.249920201985504491e+02
-1.288533743403448284e+02
-1.746441749571333162e+02
-1.349999999999911040e+02
-1.425238204386292296e+02
-1.710273733850923747e+02
-6.343494882291783199e+01
-1.302363583092652561e+02
-1.223806777065611726e+02
-1.154077181089408839e+02
-9.457392125989463239e+01
-9.813010235414952831e+01
-1.172161115572997545e+02
-1.232748879848268047e+02
-1.209637565320655597e+02
-1.482405199151774298e+02
-1.268698976458356782e+02
-1.561398248086474041e+02
-1.534349488229119061e+02
-1.071027289690453159e+02
-1.607693276243281275e+02
-1.615650511770673461e+02
1.799999999999881481e+02
-1.534349488229119061e+02
-1.036713071321890141e+02
-1.458855270546491170e+02
-1.173498757800621490e+02
-1.013099324740135359e+02
-1.275685920288190829e+02
-1.479946167919067364e+02
-1.363971810272873881e+02
-1.084349488229148761e+02
-9.451398845799502624e+01
-1.096538240580460837e+02
-1.251341930569074066e+02
-1.029074086712590628e+02
-1.141022345011536459e+02
-1.028750015596056926e+02
-1.472647737278826980e+02
-1.150168934780924417e+02
-1.220053832080754574e+02
-1.499314171781277025e+02
-1.190546040990692944e+02
-1.776140559695994909e+02
-1.705376777919631479e+02
-1.691144729453301068e+02
-1.534349488229119061e+02
1.778789036033268189e+02
-1.591022345011506616e+02
1.746106882400150937e+02
1.640546040990663528e+02
-1.470947570770024129e+02
-1.611139126302800832e+02
-1.712538377374335141e+02
-1.615650511770673461e+02
-1.257066914005946074e+02
-1.182173558547215322e+02
1.772072976342750508e+02
-1.259097230791693818e+02
-1.487815972356438010e+02
-1.215042667191961812e+02
-1.622553283749323896e+02
-1.378155566842021642e+02
-1.691596945456583114e+02
-1.321844433157800722e+02
-8.186989764583863405e+01
-1.236900675259716280e+02
-1.527004277886571515e+02
-1.446887865603572720e+02
-1.534349488229119061e+02
-1.644758890032348972e+02
1.799999999999881481e+02
1.756012946449929188e+02
-6.343494882291783199e+01
-1.173498757800621490e+02
1.558977654988285906e+02
-1.188107937429652310e+02
-9.634019174590356727e+01
1.278749836510897779e+02
-8.287498365109273379e+01
1.563706222693328982e+02
1.716341138759561318e+02
1.748055710922536718e+02
-1.411466256596373796e+02
-1.381221304621066395e+02
-1.544400348281660342e+02
-1.309143832200165036e+02
-1.359391909457266365e+02
-1.066992442339865903e+02
-7.034617594194206447e+01
-1.421250163488924443e+02
-1.362188752351223400e+02
-9.173570458892235990e+01
-1.261581854398000218e+02
-1.507511736634430974e+02
-1.534349488229119061e+02
-1.638107937429622893e+02
-1.615650511770673461e+02
-6.343494882291783199e+01
-1.059453959009158694e+02
-7.001689347809541175e+01
-1.243803447238366715e+02
-1.126198649480330118e+02
-1.654655449194490018e+02
-1.534349488229119061e+02
-1.405275401516469458e+02
-1.242157021324292288e+02
-1.718698976458326797e+02
-1.303645365730887704e+02
-6.637062226933880993e+01
-7.493151184050286417e+01
-1.366365770416077225e+02
-1.605599651718132463e+02
-1.784088597287936580e+02
-1.036713071321890141e+02
-1.608209919741786962e+02
-1.220053832080754574e+02
0.000000000000000000e+00
-1.609065079995037877e+02
-1.450079798014317873e+02
-1.482405199151774298e+02
-1.437461622625457380e+02
-1.227352262720995242e+02
-1.184429286243555453e+02
1.724053566313972112e+02
-1.329545915111040131e+02
-1.196237487511659339e+02
-1.129887168020731991e+02
-1.227352262720995242e+02
-1.521027289690423459e+02
-1.400424510691617002e+02
-1.403145456699355123e+02
-1.349999999999911040e+02
-1.215042667191961812e+02
-1.683106308245497473e+02
-1.581985905136377539e+02
1.401944289077255803e+02
1.349999999999911040e+02
-1.437461622625457380e+02
-1.418427734126215967e+02
-1.032405199151804140e+02
-1.303645365730887704e+02
-1.337811247648598965e+02
-1.316335393365615118e+02
1.766335393365585560e+02
-1.040362434679196326e+02
-8.365980825408458088e+01
-8.186989764583863405e+01
-1.534349488229119061e+02
-1.490362434679166768e+02
-1.306012946449958747e+02
-6.944395478041195702e+01
-1.043813945910837333e+02
1.659637565320625754e+02
-1.013099324740135359e+02
-1.084349488229148761e+02
-1.327974018382254542e+02
-1.212637316943694401e+02
-1.401944289077255803e+02
-1.782642954110598623e+02
-1.165650511770703162e+02
-1.404773687288196129e+02
-1.200685828218545481e+02
-1.019761324441966366e+02
-1.490362434679166768e+02
-1.131985905136407382e+02
-1.341185960034090385e+02
-1.554328286793884502e+02
-1.422531946127159870e+02
-9.813010235414952831e+01
-1.561940564815320158e+02
-1.278749836510897779e+02
-1.705376777919631479e+02
-1.748055710922536718e+02
-1.121663458220750726e+02
-9.946232220801907431e+01
-1.111247191460651749e+02
-1.097468366054188920e+02
-1.056422464572017645e+02
-1.410724564071984162e+02
-1.253112134396249360e+02
-1.049314171781306442e+02
-1.214295656148305085e+02
-1.457131230227814456e+02
-1.268698976458356640e+02
-7.289727103094283223e+01
-1.575205656028865064e+02
-1.261581854398000218e+02
-1.183930194213752003e+02
-1.334518423010132437e+02
-1.134985656759446186e+02
-1.160954241573807053e+02
-1.549831065218897947e+02
1.752363583092623003e+02
-1.302363583092652561e+02
-1.393987053549863617e+02
-1.229694039034540367e+02
1.752363583092623003e+02
-1.206506679570449165e+02
-7.596375653206852974e+01
-1.457131230227814456e+02
-1.655792268724781025e+02
-9.712501634889541435e+01
-1.261193408494714276e+02
-6.025511870305380313e+01
-8.223483398156925261e+01
-1.286598082540816392e+02
-8.618592516570397777e+01
-1.013099324740135359e+02
-1.670053832080724874e+02
-1.393987053549863333e+02
-1.138387401831642336e+02
-1.078503183022097289e+02
-1.549831065218897947e+02
-1.705376777919631479e+02
-1.262538377374364842e+02
-5.993141717813360714e+01
-1.223806777065611726e+02
-1.196237487511659339e+02
-1.236900675259716280e+02
-1.615650511770673461e+02
-1.478042660652770053e+02
-1.084349488229148761e+02
-1.265730309785109995e+02
-1.389909130984206058e+02
-1.165650511770703162e+02
-8.999999999999407407e+01
-1.468214883405975968e+02
-1.576198649480300560e+02
-1.753645365730857861e+02
1.534349488229119061e+02
-6.819859051364369407e+01
-1.229052429229798236e+02
-1.037069610040729799e+02
-1.109245017449138686e+02
-1.261193408494714276e+02
-1.519275130641370595e+02
-1.487815972356438010e+02
-1.472647737278826980e+02
-1.423057595333014547e+02
-1.534349488229119061e+02
-1.560375110254115327e+02
-1.282901631922346439e+02
-1.047435628364638376e+02
-1.296106882400180496e+02
-1.694608162713606134e+02
-1.490362434679166768e+02
-6.819859051364369407e+01
-8.999999999999407407e+01
-1.077446716250498326e+02
-1.013099324740135359e+02
-1.405275401516469458e+02
-1.018886580396212622e+02
-1.220053832080754574e+02
-1.349999999999911040e+02
-1.362730300200477416e+02
-1.349999999999911040e+02
-1.224711922908404205e+02
-1.404403320309962737e+02
-1.701341930569044507e+02
-1.548851651138452326e+02
-1.671249984403765154e+02
-1.529494029929038277e+02
-1.032405199151804140e+02
-1.409061411137612083e+02
-1.519275130641370595e+02
-1.463099324740105942e+02
1.742894068624888746e+02
-1.165650511770703162e+02
-1.040362434679196326e+02
-1.275685920288190829e+02
-1.397636416907169803e+02
-1.193577535427834135e+02
-1.502551187030478843e+02
-1.240193499898183092e+02
-8.999999999999407407e+01
-1.349999999999911040e+02
-8.630861401354304974e+01
-9.670983680775056257e+01
-9.248955292199306655e+01
-1.279987324424962338e+02
-1.615650511770673461e+02
-1.383664606634206962e+02
-1.094400348281689759e+02
-1.241596945456612673e+02
-1.433929251873830708e+02
-1.372906100426295097e+02
-9.463546342689640767e+01
-1.197448812969343521e+02
-1.188865817669028928e+02
-1.349999999999911040e+02
-1.376025622024907307e+02
-1.484957332807860553e+02
-1.333634229583744855e+02
-1.558544580395681010e+02
-1.076501242199230290e+02
-7.790524292298276521e+01
-1.292894068624918589e+02
-1.752363583092623003e+02
-1.375637702114559602e+02
-1.615650511770673461e+02
1.565014343240376036e+02
-1.349999999999911040e+02
-1.084349488229148761e+02
-1.332100893917451572e+02
-1.490362434679166768e+02
-1.736598082540786834e+02
-1.390856167799657044e+02
-1.052551187030508402e+02
-1.550952311918946123e+02
-1.419529574681645840e+02
-1.662392148881978073e+02
-1.327093899573527551e+02
-1.311859251657010077e+02
-1.360050860052452322e+02
-1.084349488229148761e+02
-7.682744657666805210e+01
-1.013099324740135359e+02
-1.666075022462379422e+02
-1.268698976458356640e+02
-3.686989764584158991e+01
-1.311859251657010077e+02
-1.032405199151804140e+02
-1.298055710922566561e+02
-1.004914770123249923e+02
-5.726477372788862397e+01
-1.056422464572017645e+02
1.771375947738766001e+02
-1.670053832080724874e+02
-1.611139126302800832e+02
-1.728749836510868079e+02
-1.349999999999911040e+02
-1.268698976458356640e+02
-1.640546040990663244e+02
-1.686900675259686864e+02
-1.606410058242946945e+02
-1.665513849483025410e+02
-1.448658069430748299e+02
-1.421250163488924443e+02
-1.456196552761455507e+02
