-2.674644473879728146e+00
4.643077401946877814e+01
1.169662872752083018e+02
1.704921157241560650e+02
2.057104638949960247e+02
2.216726894127560854e+02
2.190178083216882783e+02
1.977589962103338905e+02
1.586736128026284121e+02
1.034415456375849516e+02
3.382832357973498461e+01
-4.800525685015166744e+01
-1.399642770740115907e+02
-2.388668324591257601e+02
-3.424664851592060586e+02
-4.473375821535198611e+02
-5.508713569108937236e+02
-6.501296531866224768e+02
-7.427013382776518711e+02
-8.262543330121754934e+02
-8.985290239553638685e+02
-9.577401188598737463e+02
-1.002998265499168610e+03
-1.032610400745694278e+03
-1.046622639159344999e+03
-1.045067919711473905e+03
-1.028005532550517046e+03
-9.960810815149969812e+02
-9.508097592871607731e+02
-8.933641932471823566e+02
-8.255560268194876699e+02
-7.499215607982730489e+02
-6.678244685975607808e+02
-5.820513871938316015e+02
-4.949673347302450566e+02
-4.086474664020527143e+02
-3.263527403732213088e+02
-2.490515624015347669e+02
-1.790694238645289715e+02
-1.186857015798452721e+02
-6.881609895110256048e+01
-3.056736541576832167e+01
-5.191181885264103180e+00
7.266337080515615554e+00
6.482389562309488262e+00
-7.088466635208343192e+00
-3.302461267871693451e+01
-6.994261177138194796e+01
-1.172890891944696534e+02
-1.732326381407421820e+02
-2.359945541571268564e+02
-3.040596445613765013e+02
-3.754449832780285305e+02
-4.477460253982994800e+02
-5.194080514743184267e+02
-5.883822574879163767e+02
-6.527515953063370944e+02
-7.111128647499343742e+02
-7.619113463708373502e+02
-8.037240766065876869e+02
-8.358395736759563306e+02
-8.576056459461499344e+02
-8.682119947218799325e+02
-8.682581092817744093e+02
-8.574409510893839297e+02
-8.364324751603138566e+02
-8.057004148877795160e+02
-7.666413826571566688e+02
-7.206717542366326370e+02
-6.686940574412851674e+02
-6.126121648153292654e+02
-5.533615431451955828e+02
-4.931556913058191185e+02
-4.336152066877772882e+02
-3.761696406477988717e+02
-3.223473614566723313e+02
-2.735252181169613550e+02
-2.308626624202985056e+02
-1.958221846947658094e+02
-1.687529380367071781e+02
-1.503400530502691481e+02
-1.409195072432543441e+02
-1.406362320896168399e+02
-1.492925937612374412e+02
-1.661771104768870373e+02
-1.911777897339648007e+02
-2.232801112147921856e+02
-2.612587451850301932e+02
-3.044022098634497411e+02
-3.511030834480147291e+02
-4.002216775299045253e+02
-4.499529364789638066e+02
-4.997566611650001391e+02
-5.476235743354683336e+02
-5.925984458211257788e+02
-6.332978388251380011e+02
-6.688192255324273674e+02
-6.985038265159299726e+02
-7.212975946923434094e+02
-7.369963084392778683e+02
-7.452310512775775351e+02
-7.458239527619350611e+02
-7.387750128923505599e+02
-7.248879425698420391e+02
-7.043867267996112105e+02
-6.781607178081944767e+02
-6.469148095825503333e+02
-6.113143693440132438e+02
-5.727098949180643785e+02
-5.318919216171807420e+02
-4.902175350611137787e+02
-4.488791260128495537e+02
-4.089570927327728214e+02
-3.714857189213740298e+02
-3.373741201880015410e+02
-3.074852975821091263e+02
-2.828996493640816539e+02
-2.637489314193319956e+02
-2.504415869926397704e+02
-2.431686621178535006e+02
-2.423978901881886543e+02
-2.477471791359481017e+02
-2.590979486642603433e+02
-2.759034118486623015e+02
-2.976233695589614854e+02
-3.236978592821535017e+02
-3.530135437865002928e+02
-3.852673845355523667e+02
-4.189376010527919902e+02
-4.534312918538615804e+02
-4.878854558893073659e+02
-5.210681756305195904e+02
-5.523404350332464219e+02
-5.807799428995980406e+02
-6.057542709795933433e+02
-6.265585252862734933e+02
-6.426590944837170127e+02
-6.540493907776531159e+02
-6.600574591524765538e+02
-6.610192771159898939e+02
-6.568294399598630662e+02
-6.476065279809674848e+02
-6.339368548693900038e+02
-6.163408563725113254e+02
-5.947197155762717102e+02
-5.702789988321983401e+02
-5.437104245387083665e+02
-5.157320622713014018e+02
-4.870158670455829224e+02
-4.583853131453826677e+02
-4.308746842711911427e+02
-4.045432705714441681e+02
-3.808337989914118111e+02
-3.600097813019196451e+02
-3.425521264847243970e+02
-3.287770486648167321e+02
-3.195211977145679043e+02
-3.141389697954552389e+02
-3.130519837407996988e+02
-3.163063541104957039e+02
-3.236319813394471225e+02
-3.349695752792180770e+02
-3.498382269480518971e+02
-3.673354085308710069e+02
-3.873820664964276830e+02
-4.095104674515065426e+02
-4.328180835810298959e+02
-4.566395476636631088e+02
-4.805071263061908553e+02
-5.036105208133243423e+02
-5.252382494038346294e+02
-5.451531514839784904e+02
-5.625383405641966874e+02
-5.773411142903241853e+02
-5.887248227899896165e+02
-5.967882829772526065e+02
-6.014063267609710692e+02
-6.023813203130257534e+02
-5.998911340787238942e+02
-5.938896534981711284e+02
-5.845613368109452495e+02
-5.726703681524405738e+02
-5.579334723690195688e+02
-5.412795284528423281e+02
-5.230445139117115332e+02
-5.036895743445720655e+02
-4.840579474180656803e+02
-4.642484500462520032e+02
-4.448803348905712483e+02
-4.267573128520413661e+02
-4.102548882040888429e+02
-3.957551530144107801e+02
-3.833437486085255728e+02
-3.737058055905796436e+02
-3.667095680751602345e+02
-3.626317234216342626e+02
-3.618346003148868704e+02
-3.636528315335834236e+02
-3.686266162079164133e+02
-3.762486941790465949e+02
-3.862160269105244765e+02
-3.982255758659006801e+02
-4.120138292743496322e+02
-4.271196415369265083e+02
-4.429698745520856846e+02
-4.593932456687905415e+02
-4.760208384078852077e+02
-4.919501249542920505e+02
-5.071745175137404544e+02
-5.209957098935425392e+02
-5.333148851796388499e+02
-5.436445465960019874e+02
-5.515433119264989728e+02
-5.575579680955930826e+02
-5.608452774366422773e+02
-5.617148662803667776e+02
-5.601601468324957978e+02
-5.562601726242770610e+02
-5.502125774838298184e+02
-5.420305369996951868e+02
-5.321488455937357003e+02
-5.207585492997995971e+02
-5.081429232715244666e+02
-4.948026398734790519e+02
-4.811395545561722429e+02
-4.675423471815718699e+02
-4.542152393720676855e+02
-4.416259645208751863e+02
-4.300907367529850376e+02
-4.197808387194338593e+02
-4.110915380764600968e+02
-4.039898958527104469e+02
-3.991544548580608875e+02
-3.962690009675206966e+02
-3.954718778607733043e+02
-3.967037953893828899e+02
-3.999186389934550903e+02
-4.049912405818477055e+02
-4.116712639722763925e+02
-4.199521213704704792e+02
-4.294714840915448804e+02
-4.396825652110364899e+02
-4.506051281117571534e+02
-4.621403558796473021e+02
-4.734713620251476414e+02
-4.844334516914921096e+02
-4.950200370844101485e+02
-5.046382167195441752e+02
-5.132945783911648050e+02
-5.206399690029280691e+02
-5.262264185444305440e+02
-5.302779120208739414e+02
-5.329591442890243798e+02
-5.337694429843130592e+02
-5.328010372265289334e+02
-5.302449730495208087e+02
-5.262922964871369231e+02
-5.208771295966711250e+02
-5.138611286984397566e+02
-5.059755389564840016e+02
-4.973587040504872903e+02
-4.883466014882521335e+02
-4.787679486187419684e+02
-4.692815248690207568e+02
-4.601640175984553593e+02
-4.515142437211054016e+02
-4.435364248593606931e+02
-4.362700877788450953e+02
-4.301236757243382272e+02
-4.251367154614639503e+02
-4.217044746464606533e+02
-4.195041513600669987e+02
-4.188914864928975135e+02
-4.194843879772550963e+02
-4.215529553782359358e+02
-4.249522572218860432e+02
-4.295505376227926035e+02
-4.352819186382491239e+02
-4.417643082005586166e+02
-4.487012555675422618e+02
-4.563496847157549610e+02
-4.641628087207337217e+02
-4.721142764053958558e+02
-4.797758811421498422e+02
-4.869368135143351992e+02
-4.936102491104932710e+02
-4.995985541025047496e+02
-5.047633848106863184e+02
-5.088939318183774390e+02
-5.118913782115184858e+02
-5.137623117843801310e+02
-5.144474423885267242e+02
-5.139599456124993822e+02
-5.123393482219220232e+02
-5.095527112454414009e+02
-5.057186149799291002e+02
-5.011598613446464014e+02
-4.958896259281345920e+02
-4.898552063762286366e+02
-4.835902140248502405e+02
-4.771210000510820350e+02
-4.705595569575248760e+02
-4.641825721035456240e+02
-4.581283891688277095e+02
-4.523311302106647531e+02
-4.474232234790381426e+02
-4.431477449973929765e+02
-4.394585802058347213e+02
-4.370342719142392980e+02
-4.355783693804279437e+02
-4.350118190731529353e+02
-4.353412087866848879e+02
-4.367773479376843397e+02
-4.391621294636559583e+02
-4.421398124739851028e+02
-4.460990768306395466e+02
-4.505326623747801023e+02
-4.552231718954756161e+02
-4.605263462833405583e+02
-4.657899939055816958e+02
-4.713566800642722683e+02
-4.767191446005730313e+02
-4.817983339832362617e+02
-4.864624923268491443e+02
-4.906128027173521673e+02
-4.940186923552729468e+02
-4.970424899254965680e+02
-4.992823399775140842e+02
-5.006394255972658698e+02
-5.010215176649629711e+02
-5.006789523628896745e+02
-4.997764245478120415e+02
-4.979450177405742011e+02
-4.954877704776255882e+02
-4.920884686339754808e+02
-4.883927160481466103e+02
-4.842753446289967769e+02
-4.800064539416222260e+02
-4.755069904547752913e+02
-4.709680002023045517e+02
-4.665739414237878577e+02
-4.622984629421426348e+02
-4.583391985854881909e+02
-4.548015530621546532e+02
-4.520873818226510821e+02
-4.495576688227254181e+02
-4.477460253982994800e+02
-4.465009322811486072e+02
-4.461320158019927931e+02
-4.463955275728183665e+02
-4.471531239139419540e+02
-4.487605457159780258e+02
-4.507500595857111989e+02
-4.535169331793799188e+02
-4.565341429553328680e+02
-4.598807424448178836e+02
-4.634118001738807493e+02
-4.671273161425215790e+02
-4.710272903507402589e+02
-4.747757452907342781e+02
-4.781157569859486216e+02
-4.811659057332548173e+02
-4.841501765378546338e+02
-4.868511721888169177e+02
-4.888077470871969012e+02
-4.903888177121504555e+02
-4.915021549438885700e+02
-4.917722545089847586e+02
-4.916997887720077642e+02
-4.909817191965080383e+02
-4.897300382850864366e+02
-4.880765019231558881e+02
-4.858498274596796591e+02
-4.833859924024604311e+02
-4.803819582150487122e+02
-4.774767409416965620e+02
-4.744134166058490791e+02
-4.713237410929190787e+02
-4.680759585174936888e+02
-4.652629703639305490e+02
-4.626278526556746442e+02
-4.601244908328315546e+02
-4.579636943120617047e+02
-4.563233335386724434e+02
-4.549201333590261811e+02
-4.540703078981136400e+02
-4.537738571559348770e+02
-4.538331473043705842e+02
-4.544392243772694542e+02
-4.554010423407828512e+02
-4.569821129657364054e+02
-4.588135197729742458e+02
-4.607503312885423270e+02
-4.630297081061836479e+02
-4.655923600774625015e+02
-4.682340655799890214e+02
-4.707769541684559726e+02
-4.733593695225467286e+02
-4.757902656084128239e+02
-4.781486959573018112e+02
-4.800986830614111796e+02
-4.819630288400022096e+02
-4.832278853399650416e+02
-4.842819324232673921e+02
-4.851515212669918355e+02
-4.854611475977119426e+02
-4.854084452435467938e+02
-4.847891925821066934e+02
-4.840777108008775826e+02
-4.828260298894560378e+02
-4.814689442697042523e+02
-4.796638886395489862e+02
-4.779049475692881401e+02
-4.756650975172706808e+02
-4.737480493845145020e+02
-4.715411383038501754e+02
-4.692024713377730905e+02
-4.672327208508518197e+02
-4.654671919863203584e+02
-4.637411898874127587e+02
-4.621798826452711637e+02
-4.608491482026018957e+02
-4.599597959760655499e+02
-4.595118259656620694e+02
-4.592087874292126344e+02
-4.591494972807768704e+02
-4.596501696453454997e+02
-4.602496589239736977e+02
-4.612180646817577099e+02
-4.623972798562022604e+02
-4.638070678301191379e+02
-4.652234435983066874e+02
-4.670746137883564302e+02
-4.688203792700759891e+02
-4.706649616658551167e+02
-4.725556586215287211e+02
-4.742421339548124593e+02
-4.758297923740366286e+02
-4.772988704963893269e+02
-4.783463297854210055e+02
-4.794926059885123095e+02
-4.801118586499524667e+02
-4.807047601343100496e+02
-4.809616841108650078e+02
-4.809946230822181974e+02
-4.807311113113926240e+02
-4.800723318843286052e+02
-4.792554453947693105e+02
-4.783858565510448670e+02
-4.771407634338939374e+02
-4.756980364886238704e+02
-4.742553095433537464e+02
-4.730102164262028168e+02
-4.714159702127080322e+02
-4.698480751762957652e+02
-4.683921726424844110e+02
-4.672458964393931069e+02
-4.661391470019256076e+02
-4.651509778613296362e+02
-4.642418622519813880e+02
-4.635106170879403749e+02
-4.631812273744083654e+02
-4.630033569291011304e+02
-4.628781888379589304e+02
-4.631087616374313143e+02
-4.635303804707522772e+02
-4.643209157832290543e+02
-4.652102680097654002e+02
-4.659810399394302749e+02
-4.670943771711683894e+02
-4.683328824940486470e+02
-4.695516244341170022e+02
-4.707967175512678750e+02
-4.720879252283132814e+02
-4.732012624600513959e+02
-4.741960193949179825e+02
-4.751512495641607643e+02
-4.761262431162154485e+02
-4.769431296057747431e+02
-4.775162677073204236e+02
-4.777929550666872842e+02
-4.779247109521000993e+02
-4.780828180145954320e+02
-4.778720085979349506e+02
-4.774174507932607980e+02
-4.768245493089032720e+02
-4.760603651735090125e+02
-4.753225322151973842e+02
-4.743607142516839872e+02
-4.733000793741109646e+02
-4.723448492048682397e+02
-4.714686725668731242e+02
-4.703882743064882561e+02
-4.694264563429748591e+02
-4.685041651450852669e+02
-4.676741030669846850e+02
-4.668835677545079079e+02
-4.662445517102558483e+02
-4.658690474368293621e+02
-4.653420238951782153e+02
-4.654540163977790712e+02
-4.655067187519442200e+02
-4.656318868430863631e+02
-4.659217497909945109e+02
-4.662116127389026587e+02
-4.668242776060721440e+02
-4.673974157076178244e+02
-4.682340655799890214e+02
-4.690509520695483729e+02
-4.699995944445204827e+02
-4.708428321111623518e+02
-4.716070162465565545e+02
-4.723843759704920444e+02
-4.732078502543220111e+02
-4.739522710069043114e+02
-4.745254091084499919e+02
-4.749404401475002828e+02
-4.752368908896790458e+02
-4.755201660433165785e+02
-4.757177998714357727e+02
-4.758166167854953414e+02
-4.758759069339311054e+02
-4.754213491292570097e+02
-4.751117227985369027e+02
-4.746242260225095606e+02
-4.739325076240924091e+02
-4.732407892256752575e+02
-4.727467046553772434e+02
-4.720879252283132814e+02
-4.713632678585429403e+02
-4.707374274028321111e+02
-4.700325334158736723e+02
-4.694923342856812383e+02
-4.688401426528878915e+02
-4.681681876372826423e+02
-4.679837293977047352e+02
-4.677070420383378746e+02
-4.673710645305352500e+02
-4.670614381998151998e+02
-4.671866062909573429e+02
-4.672985987935581988e+02
-4.673513011477233476e+02
-4.676214007128195362e+02
-4.680825463117643039e+02
-4.684251116138376005e+02
-4.690707154523602753e+02
-4.697097314966123349e+02
-4.702828695981580154e+02
-4.708560076997036390e+02
-4.714752603611437962e+02
-4.720220472856069023e+02
-4.726478877413176747e+02
-4.731156211345330576e+02
-4.733198427569229239e+02
-4.736689958532668356e+02
-4.738732174756566451e+02
-4.741564926292941777e+02
-4.741367292464822185e+02
-4.742750729261656488e+02
-4.741235536579409313e+02
-4.739654465954455986e+02
-4.737941639444089788e+02
-4.734581864366063542e+02
-4.731551479001569191e+02
-4.727071778897534386e+02
-4.722130933194554245e+02
-4.719495815486298511e+02
-4.714423213897906066e+02
-4.707901297569972598e+02
-4.704673278377359225e+02
-4.700654723872268619e+02
-4.694989220799518534e+02
-4.691102422179841369e+02
-4.688467304471585635e+02
-4.685898064706036052e+02
-4.683789970539431238e+02
-4.683658214654018366e+02
-4.684251116138376005e+02
-4.684712261737320773e+02
-4.685832186763329332e+02
-4.687874402987227995e+02
-4.691761201606905161e+02
-4.693078760461033312e+02
-4.697756094393187141e+02
-4.700061822387911548e+02
-4.704870912205478248e+02
-4.708164809340798342e+02
-4.713303288871896939e+02
-4.715345505095795602e+02
-4.719034669887353743e+02
-4.723514369991388548e+02
-4.726742389184001922e+02
-4.727532924496479154e+02
-4.728916361293313457e+02
-4.730365676032853912e+02
-4.733066671683816367e+02
-4.731880868715101087e+02
-4.730892699574505400e+02
-4.730892699574505400e+02
-4.729245751006845353e+02
-4.727335290668359562e+02
-4.725029562673635724e+02
-4.722130933194554245e+02
-4.717914744861345184e+02
-4.716794819835336057e+02
-4.714489091840612218e+02
-4.710141147621990285e+02
-4.703421597465937793e+02
-4.701181747413920107e+02
-4.699930066502498676e+02
-4.698612507648370524e+02
-4.696636169367178582e+02
-4.693671661945390952e+02
-4.691365933950667113e+02
-4.692419981033968952e+02
-4.693935173716216127e+02
-4.693671661945390952e+02
-4.694198685487041871e+02
-4.696372657596352838e+02
-4.698151362049425757e+02
-4.698876019419196268e+02
-4.700391212101443443e+02
-4.704607400434652504e+02
-4.708164809340798342e+02
-4.709482368194925925e+02
-4.710865804991760228e+02
-4.713237410929190787e+02
-4.715938406580153242e+02
-4.718837036059234720e+02
-4.722196811137260966e+02
-4.725622464157993363e+02
-4.725293074444461467e+02
-4.726874145069414794e+02
-4.724897806788222852e+02
-4.726544755355882899e+02
-4.724897806788222852e+02
-4.726215365642351003e+02
-4.724239027361159060e+02
-4.723119102335150501e+02
-4.722065055251848094e+02
-4.720813374340426662e+02
-4.717914744861345184e+02
-4.715345505095795602e+02
-4.713171532986484067e+02
-4.711129316762585972e+02
-4.707044884314789215e+02
-4.705266179861716864e+02
-4.702894573924286306e+02
-4.701577015070158154e+02
-4.699205409132728164e+02
-4.698876019419196268e+02
-4.698414873820251501e+02
-4.697756094393187141e+02
-4.698876019419196268e+02
-4.697624338507774837e+02
-4.697887850278600013e+02
-4.699798310617085804e+02
-4.701708770955571026e+02
-4.702235794497222514e+02
-4.705397935747129736e+02
-4.705002668090891120e+02
-4.706451982830431575e+02
-4.709811757908457821e+02
-4.711392828533411716e+02
-4.714027946241667451e+02
-4.714752603611437962e+02
-4.715938406580153242e+02
-4.716399552179098009e+02
-4.718902914001940871e+02
-4.718112378689464208e+02
-4.720220472856069023e+02
-4.720483984626894198e+02
-4.720549862569600919e+02
-4.721867421423728501e+02
-4.719232303715472767e+02
-4.717914744861345184e+02
-4.719561693429004663e+02
-4.716926575720748929e+02
-4.716860697778042777e+02
-4.714752603611437962e+02
-4.713764434470841707e+02
-4.712973899158365043e+02
-4.711656340304237460e+02
-4.708691832882449262e+02
-4.708494199054330238e+02
-4.705727325460661632e+02
-4.704146254835707737e+02
-4.702894573924286306e+02
-4.702631062153460562e+02
-4.700193578273323851e+02
-4.702367550382635386e+02
-4.700918235643094363e+02
-4.701313503299332979e+02
-4.701379381242039130e+02
-4.704146254835707737e+02
-4.705990837231486807e+02
-4.705595569575248760e+02
-4.705924959288780656e+02
-4.706583738715844447e+02
-4.708098931398091622e+02
-4.710075269679283565e+02
-4.709811757908457821e+02
-4.712380997674007403e+02
-4.713303288871896939e+02
-4.715279627153088882e+02
-4.716992453663455649e+02
-4.716136040408272265e+02
-4.716663063949923185e+02
-4.716794819835336057e+02
-4.715411383038501754e+02
-4.717717111033225592e+02
-4.718441768402996104e+02
-4.716136040408272265e+02
-4.716070162465565545e+02
-4.716663063949923185e+02
-4.715345505095795602e+02
-4.715740772752033649e+02
-4.713962068298961299e+02
-4.713764434470841707e+02
-4.712446875616714124e+02
-4.712512753559420275e+02
-4.711195194705292693e+02
-4.708757710825155982e+02
-4.705727325460661632e+02
-4.705859081346074504e+02
-4.705397935747129736e+02
-4.705332057804423016e+02
-4.706056715174193528e+02
-4.706056715174193528e+02
-4.704343888663827329e+02
-4.705924959288780656e+02
-4.705068546033597272e+02
-4.705595569575248760e+02
-4.705595569575248760e+02
-4.704343888663827329e+02
-4.707901297569972598e+02
-4.707242518142908807e+02
-4.709021222595981158e+02
-4.708560076997036390e+02
-4.708098931398091622e+02
-4.710734049106347925e+02
-4.710997560877173100e+02
-4.711722218246943612e+02
-4.713105655043777915e+02
-4.714489091840612218e+02
-4.715543138923914626e+02
-4.715543138923914626e+02
-4.715477260981208474e+02
-4.716794819835336057e+02
-4.716465430121804161e+02
-4.714093824184374171e+02
-4.712973899158365043e+02
-4.713435044757309811e+02
-4.714357335955199346e+02
-4.713962068298961299e+02
-4.713435044757309811e+02
-4.711458706476117868e+02
-4.710602293220935053e+02
-4.710141147621990285e+02
-4.709548246137632646e+02
-4.709482368194925925e+02
-4.709548246137632646e+02
-4.708823588767862134e+02
-4.709680002023045517e+02
-4.707110762257495935e+02
-4.707901297569972598e+02
-4.707637785799146855e+02
-4.706715494601257319e+02
-4.705463813689835888e+02
-4.707176640200202087e+02
-4.708296565226211214e+02
-4.707374274028321111e+02
-4.706781372543964039e+02
-4.708757710825155982e+02
-4.708560076997036390e+02
-4.709548246137632646e+02
-4.709152978481394030e+02
-4.710009391736577413e+02
-4.710404659392815461e+02
-4.711326950590704996e+02
-4.713105655043777915e+02
-4.712380997674007403e+02
-4.712051607960475508e+02
-4.712973899158365043e+02
-4.713105655043777915e+02
-4.714554969783318938e+02
-4.713698556528135555e+02
-4.713962068298961299e+02
-4.712380997674007403e+02
-4.712117485903182228e+02
-4.714159702127080322e+02
-4.713171532986484067e+02
-4.714752603611437962e+02
-4.713171532986484067e+02
-4.711722218246943612e+02
-4.710668171163641205e+02
-4.709087100538687878e+02
-4.709021222595981158e+02
-4.711326950590704996e+02
-4.710141147621990285e+02
-4.708955344653275006e+02
-4.709218856424100750e+02
-4.710734049106347925e+02
-4.708625954939743110e+02
-4.708033053455385470e+02
-4.709021222595981158e+02
-4.708823588767862134e+02
-4.707967175512678750e+02
-4.707637785799146855e+02
-4.707308396085614959e+02
-4.709350612309513053e+02
-4.711524584418824588e+02
-4.710009391736577413e+02
-4.709350612309513053e+02
-4.710734049106347925e+02
-4.710602293220935053e+02
-4.710997560877173100e+02
-4.709548246137632646e+02
-4.711129316762585972e+02
-4.711524584418824588e+02
-4.712315119731301252e+02
-4.712051607960475508e+02
-4.712512753559420275e+02
-4.714291458012493194e+02
-4.712842143272952171e+02
-4.712776265330246019e+02
-4.712578631502126996e+02
-4.714620847726025090e+02
-4.712710387387539299e+02
-4.713303288871896939e+02
-4.713435044757309811e+02
-4.712183363845888380e+02
-4.711326950590704996e+02
-4.710536415278228333e+02
-4.709548246137632646e+02
-4.710668171163641205e+02
-4.709745879965751669e+02
-4.711326950590704996e+02
-4.709548246137632646e+02
-4.709218856424100750e+02
-4.711788096189649764e+02
-4.709021222595981158e+02
-4.707242518142908807e+02
-4.709284734366806902e+02
-4.707901297569972598e+02
-4.710602293220935053e+02
-4.708889466710568286e+02
-4.710404659392815461e+02
-4.709943513793870693e+02
-4.710272903507402589e+02
-4.710075269679283565e+02
-4.710734049106347925e+02
-4.709152978481394030e+02
-4.709021222595981158e+02
-4.710009391736577413e+02
-4.711261072647998844e+02
-4.710470537335522181e+02
-4.710602293220935053e+02
-4.712776265330246019e+02
-4.712512753559420275e+02
-4.713698556528135555e+02
-4.712908021215658891e+02
-4.711524584418824588e+02
-4.711063438819879821e+02
-4.713632678585429403e+02
-4.712051607960475508e+02
-4.711326950590704996e+02
-4.711722218246943612e+02
-4.711590462361530740e+02
-4.713698556528135555e+02
-4.711985730017769356e+02
-4.712117485903182228e+02
-4.711458706476117868e+02
-4.710865804991760228e+02
-4.709943513793870693e+02
-4.710668171163641205e+02
-4.711524584418824588e+02
-4.710272903507402589e+02
-4.709284734366806902e+02
-4.710602293220935053e+02
-4.710141147621990285e+02
-4.709811757908457821e+02
-4.709482368194925925e+02
-4.707176640200202087e+02
-4.707374274028321111e+02
-4.708757710825155982e+02
-4.708362443168917366e+02
-4.708033053455385470e+02
-4.709416490252219774e+02
-4.709614124080338797e+02
-4.710470537335522181e+02
-4.710338781450109309e+02
-4.710470537335522181e+02
-4.711722218246943612e+02
-4.712380997674007403e+02
-4.711985730017769356e+02
-4.711392828533411716e+02
-4.711853974132356484e+02
-4.710272903507402589e+02
-4.712578631502126996e+02
-4.710404659392815461e+02
-4.711326950590704996e+02
-4.710997560877173100e+02
-4.711853974132356484e+02
-4.712578631502126996e+02
-4.713039777101071763e+02
-4.712249241788594531e+02
-4.711853974132356484e+02
-4.712446875616714124e+02
-4.710470537335522181e+02
-4.710207025564696437e+02
-4.708823588767862134e+02
-4.709350612309513053e+02
-4.710668171163641205e+02
-4.711656340304237460e+02
-4.710668171163641205e+02
-4.711524584418824588e+02
-4.710075269679283565e+02
-4.710668171163641205e+02
-4.709680002023045517e+02
-4.709021222595981158e+02
-4.710272903507402589e+02
-4.709877635851164541e+02
-4.710404659392815461e+02
-4.709614124080338797e+02
-4.709745879965751669e+02
-4.711590462361530740e+02
-4.711195194705292693e+02
-4.710338781450109309e+02
-4.709021222595981158e+02
-4.709284734366806902e+02
-4.709614124080338797e+02
-4.711656340304237460e+02
-4.712446875616714124e+02
-4.713039777101071763e+02
-4.712249241788594531e+02
-4.710470537335522181e+02
-4.713039777101071763e+02
-4.711656340304237460e+02
-4.711656340304237460e+02
-4.712710387387539299e+02
-4.709218856424100750e+02
-4.710931682934466949e+02
-4.711195194705292693e+02
-4.711656340304237460e+02
-4.713500922700016531e+02
-4.711722218246943612e+02
-4.710799927049054077e+02
-4.711853974132356484e+02
-4.710141147621990285e+02
-4.710602293220935053e+02
-4.710931682934466949e+02
-4.711195194705292693e+02
-4.710404659392815461e+02
-4.708033053455385470e+02
-4.708494199054330238e+02
-4.710009391736577413e+02
-4.711853974132356484e+02
-4.710602293220935053e+02
-4.711722218246943612e+02
-4.710997560877173100e+02
-4.710075269679283565e+02
-4.711326950590704996e+02
-4.711063438819879821e+02
-4.711261072647998844e+02
-4.710075269679283565e+02
-4.711392828533411716e+02
-4.711129316762585972e+02
-4.710338781450109309e+02
-4.711458706476117868e+02
-4.711063438819879821e+02
-4.709745879965751669e+02
-4.710207025564696437e+02
-4.712183363845888380e+02
-4.710865804991760228e+02
-4.710009391736577413e+02
-4.711590462361530740e+02
-4.712117485903182228e+02
-4.711590462361530740e+02
-4.711722218246943612e+02
-4.711458706476117868e+02
-4.712183363845888380e+02
-4.710931682934466949e+02
-4.711524584418824588e+02
-4.709745879965751669e+02
-4.711919852075062636e+02
-4.710272903507402589e+02
-4.710668171163641205e+02
-4.709087100538687878e+02
-4.710075269679283565e+02
-4.710272903507402589e+02
-4.712842143272952171e+02
-4.710141147621990285e+02
-4.710799927049054077e+02
-4.710470537335522181e+02
-4.708823588767862134e+02
-4.708955344653275006e+02
-4.710799927049054077e+02
-4.710338781450109309e+02
-4.709745879965751669e+02
-4.710668171163641205e+02
-4.710997560877173100e+02
-4.711458706476117868e+02
-4.711063438819879821e+02
-4.709745879965751669e+02
-4.710009391736577413e+02
-4.710931682934466949e+02
-4.709218856424100750e+02
-4.710404659392815461e+02
-4.711722218246943612e+02
-4.710207025564696437e+02
-4.709548246137632646e+02
-4.711129316762585972e+02
-4.709811757908457821e+02
-4.710865804991760228e+02
-4.710536415278228333e+02
-4.711853974132356484e+02
-4.712249241788594531e+02
-4.711524584418824588e+02
-4.711195194705292693e+02
-4.710338781450109309e+02
-4.709811757908457821e+02
-4.710404659392815461e+02
-4.709877635851164541e+02
-4.711195194705292693e+02
-4.711129316762585972e+02
-4.710404659392815461e+02
-4.711326950590704996e+02
-4.710865804991760228e+02
-4.710602293220935053e+02
-4.711458706476117868e+02
-4.710799927049054077e+02
-4.710009391736577413e+02
-4.708296565226211214e+02
-4.710602293220935053e+02
-4.711458706476117868e+02
-4.711326950590704996e+02
-4.709614124080338797e+02
-4.711853974132356484e+02
-4.710931682934466949e+02
-4.710668171163641205e+02
-4.710470537335522181e+02
-4.709482368194925925e+02
-4.709745879965751669e+02
-4.711129316762585972e+02
-4.711524584418824588e+02
-4.711261072647998844e+02
-4.711392828533411716e+02
-4.711261072647998844e+02
-4.712117485903182228e+02
-4.709548246137632646e+02
-4.710075269679283565e+02
-4.711788096189649764e+02
-4.711129316762585972e+02
-4.711656340304237460e+02
-4.712051607960475508e+02
-4.711129316762585972e+02
-4.710865804991760228e+02
-4.711722218246943612e+02
-4.709943513793870693e+02
-4.710668171163641205e+02
-4.711063438819879821e+02
-4.711853974132356484e+02
-4.709218856424100750e+02
-4.711788096189649764e+02
-4.711063438819879821e+02
-4.711853974132356484e+02
-4.710668171163641205e+02
-4.711063438819879821e+02
-4.709745879965751669e+02
-4.709877635851164541e+02
-4.711261072647998844e+02
-4.710207025564696437e+02
-4.709087100538687878e+02
-4.711129316762585972e+02
-4.710075269679283565e+02
-4.709416490252219774e+02
-4.711590462361530740e+02
-4.711722218246943612e+02
-4.711129316762585972e+02
-4.709745879965751669e+02
-4.708955344653275006e+02
-4.710734049106347925e+02
-4.711392828533411716e+02
-4.710470537335522181e+02
-4.712249241788594531e+02
-4.710668171163641205e+02
-4.710272903507402589e+02
-4.711063438819879821e+02
-4.710207025564696437e+02
-4.708691832882449262e+02
-4.710931682934466949e+02
-4.710931682934466949e+02
-4.711590462361530740e+02
-4.711326950590704996e+02
-4.711261072647998844e+02
-4.711985730017769356e+02
-4.712315119731301252e+02
-4.711261072647998844e+02
-4.710141147621990285e+02
-4.710338781450109309e+02
-4.711590462361530740e+02
-4.711590462361530740e+02
-4.709745879965751669e+02
-4.710997560877173100e+02
-4.709745879965751669e+02
-4.709614124080338797e+02
-4.709877635851164541e+02
-4.709745879965751669e+02
-4.710141147621990285e+02
-4.709416490252219774e+02
-4.709745879965751669e+02
-4.710272903507402589e+02
-4.709745879965751669e+02
-4.710207025564696437e+02
-4.711326950590704996e+02
-4.710865804991760228e+02
-4.712183363845888380e+02
-4.711656340304237460e+02
-4.710536415278228333e+02
-4.710404659392815461e+02
-4.712446875616714124e+02
-4.711524584418824588e+02
-4.711524584418824588e+02
-4.711261072647998844e+02
-4.710602293220935053e+02
-4.709877635851164541e+02
-4.709943513793870693e+02
-4.709811757908457821e+02
-4.711195194705292693e+02
-4.710865804991760228e+02
-4.711524584418824588e+02
-4.710799927049054077e+02
-4.711195194705292693e+02
-4.711326950590704996e+02
-4.712249241788594531e+02
-4.711458706476117868e+02
-4.710931682934466949e+02
-4.709943513793870693e+02
-4.710931682934466949e+02
-4.711656340304237460e+02
-4.710997560877173100e+02
-4.712117485903182228e+02
-4.711590462361530740e+02
-4.711129316762585972e+02
-4.710075269679283565e+02
-4.710141147621990285e+02
-4.710799927049054077e+02
-4.710536415278228333e+02
-4.709811757908457821e+02
-4.708296565226211214e+02
-4.709218856424100750e+02
-4.709943513793870693e+02
-4.708362443168917366e+02
-4.707637785799146855e+02
-4.708560076997036390e+02
-4.710470537335522181e+02
-4.710602293220935053e+02
-4.709284734366806902e+02
-4.709548246137632646e+02
-4.711063438819879821e+02
-4.710734049106347925e+02
-4.712644509444833147e+02
-4.711722218246943612e+02
-4.711524584418824588e+02
-4.710799927049054077e+02
-4.713105655043777915e+02
-4.713171532986484067e+02
-4.712117485903182228e+02
-4.711722218246943612e+02
-4.710668171163641205e+02
-4.710668171163641205e+02
-4.711261072647998844e+02
-4.712117485903182228e+02
-4.710931682934466949e+02
-4.710141147621990285e+02
-4.711524584418824588e+02
-4.710865804991760228e+02
-4.710141147621990285e+02
-4.710009391736577413e+02
-4.710338781450109309e+02
-4.711063438819879821e+02
-4.710207025564696437e+02
-4.710009391736577413e+02
-4.709021222595981158e+02
-4.708362443168917366e+02
-4.711195194705292693e+02
-4.710734049106347925e+02
-4.710997560877173100e+02
-4.710009391736577413e+02
-4.709284734366806902e+02
-4.709482368194925925e+02
-4.708428321111623518e+02
-4.710141147621990285e+02
-4.712117485903182228e+02
-4.710404659392815461e+02
-4.710734049106347925e+02
-4.711656340304237460e+02
-4.711853974132356484e+02
-4.711590462361530740e+02
-4.689060205955942706e+02
-5.203764572321024389e+02
-5.906879854826402152e+02
-6.437394927441019945e+02
-6.778906182430982881e+02
-6.935036906645144654e+02
-6.900582742609698244e+02
-6.681999728709872670e+02
-6.283701687106994314e+02
-5.727098949180643785e+02
-5.024576568159624230e+02
-4.198071898965164337e+02
-3.279074598210922886e+02
-2.287479804594231325e+02
-1.253657249702739591e+02
-2.023111620513459386e+01
8.285468854183581300e+01
1.819087631951747142e+02
2.744936238747453672e+02
3.573417246223105508e+02
4.292738502634256861e+02
4.880501507460733137e+02
5.328669151692354262e+02
5.620640193767106894e+02
5.759642652877604405e+02
5.736255983216833556e+02
5.560493632076165795e+02
5.238021102528350639e+02
4.780959936031367192e+02
4.203078622610850630e+02
3.522559474453767052e+02
2.761273968538640702e+02
1.938985487677390154e+02
1.082440476608813071e+02
2.104800269469392049e+01
-6.506764401110855545e+01
-1.475600038680591979e+02
-2.246767236001678043e+02
-2.941120752127104652e+02
-3.545287364687474110e+02
-4.040491860011462109e+02
-4.417379570234760990e+02
-4.665937048065997601e+02
-4.789721702411317779e+02
-4.776348480041919515e+02
-4.637346020931420867e+02
-4.375547076616198297e+02
-3.998988756106431879e+02
-3.523020620052711820e+02
-2.961213524652555975e+02
-2.331354514436692114e+02
-1.650044830967131873e+02
-9.369819791130879594e+01
-2.141033137957910526e+01
5.006723645686190594e+01
1.190743814418130171e+02
1.834371314659631196e+02
2.416995839955008307e+02
2.921884392856836712e+02
3.337508333391497217e+02
3.655435284892570280e+02
3.870065622230012536e+02
3.973757504049881959e+02
3.968816658346901818e+02
3.858668738141805648e+02
3.646805274398031997e+02
3.337574211334203369e+02
2.946061597830084793e+02
2.482873782661405642e+02
1.961318110254858595e+02
1.396282995662089661e+02
8.029862436482760302e+01
1.990172649160260576e+01
-3.948065106394386703e+01
-9.694598048673418589e+01
-1.505772136440121756e+02
-1.990963184472737453e+02
-2.413636064876982061e+02
-2.763777330361483564e+02
-3.035589721968078720e+02
-3.212735509905580784e+02
-3.304766995866417574e+02
-3.308258526829856692e+02
-3.217215210009615589e+02
-3.045339657488625562e+02
-2.790392019214867787e+02
-2.470686363260722089e+02
-2.088330783792792715e+02
-1.655380944326350061e+02
-1.188503964366112626e+02
-6.952758073233165703e+01
-1.978973398900173208e+01
3.026432687931889376e+01
7.792701842739730012e+01
1.228887143245134155e+02
1.636671608597733041e+02
1.988789212363426486e+02
2.284251785401617951e+02
2.511201298025156632e+02
2.666212097213308994e+02
2.746319675544288543e+02
2.750469985934791453e+02
2.677938371015047778e+02
2.537223085394183499e+02
2.328917030556555403e+02
2.063890067048719175e+02
1.747412430287186851e+02
1.389629323448743321e+02
1.001937630621595616e+02
5.949437005814735357e+01
1.777386894218597746e+01
-2.361724246024341056e+01
-6.336799308928350882e+01
-1.006153818954805104e+02
-1.342790106184494903e+02
-1.641875966071538357e+02
-1.888325349736170438e+02
-2.080359552725318508e+02
-2.211259024882929793e+02
-2.279969719125702170e+02
-2.286689269281754662e+02
-2.232010576835444908e+02
-2.117646468297139393e+02
-1.948933057026056019e+02
-1.729032484272102010e+02
-1.468089953212062539e+02
-1.170848675720798155e+02
-8.496937050271115766e+01
-5.126621501411833748e+01
-1.668688288753042315e+01
1.766846423385574028e+01
5.069966470684331483e+01
8.213003117206544346e+01
1.105761268326877769e+02
1.353594088788344152e+02
1.561768387740559376e+02
1.723432859142058362e+02
1.836742920597061470e+02
1.896033069032819185e+02
1.902554985360752369e+02
1.860129590257832604e+02
1.769810930807362013e+02
1.629754424613561525e+02
1.447404279202253861e+02
1.232905697750224334e+02
9.874444832261882254e+01
7.199141578955091347e+01
4.395376337370824160e+01
1.515192682247136524e+01
-1.351156604908207370e+01
-4.126594331128723070e+01
-6.744583774280950195e+01
-9.131341638533722005e+01
-1.121703730461825899e+02
-1.296939058060842456e+02
-1.433504033291204109e+02
-1.528763538444654557e+02
-1.581136502896240188e+02
-1.590359414875135826e+02
-1.554587691985562117e+02
-1.479025691701324376e+02
-1.365320362590082937e+02
-1.217819648870459446e+02
-1.039488057964242103e+02
-8.350029238035850199e+01
-6.143118157371542765e+01
-3.807745088429760472e+01
-1.411764312198092952e+01
9.605004046592718225e+00
3.287309341049222411e+01
5.469186803485099091e+01
7.450795320093527607e+01
9.219618081760293649e+01
1.069594277781065585e+02
1.185210067230792816e+02
1.264724744077414300e+02
1.310246402487534851e+02
1.321775042461154328e+02
1.294040428581760978e+02
1.233103331578343642e+02
1.143377573612230549e+02
1.019329407496084485e+02
8.730144967451762739e+01
7.060139119844592415e+01
5.207651370940701696e+01
3.257005487404279620e+01
1.276714529649978580e+01
-6.969886338336828580e+00
-2.637094046537081482e+01
-4.486946677732716182e+01
-6.167492996172909869e+01
-7.606926044307689949e+01
-8.853995499739789921e+01
-9.830965390075660082e+01
-1.051938989135751115e+02
-1.090148195905461534e+02
-1.100952178509310784e+02
-1.079673603015144465e+02
-1.030331023928052900e+02
-9.554936810135856717e+01
-8.558862316415130067e+01
-7.326944787805501846e+01
-5.953389682377118675e+01
-4.431609205859342637e+01
-2.834727874656273272e+01
-1.160769350486719453e+01
4.947433497250433021e+00
2.110729284312967735e+01
3.633168540257808132e+01
5.004088527977934575e+01
6.239299953722883174e+01
7.291370698744046308e+01
8.120773997417587964e+01
8.687983084119667865e+01
9.017372797651654537e+01
9.097085108326395186e+01
8.955447531507641656e+01
8.566108890112833762e+01
7.939609654974995578e+01
7.108230018020262264e+01
6.110179186018343955e+01
4.971149556624735766e+01
3.706951836088973096e+01
2.362383025451405061e+01
1.015179097105581540e+01
-3.636462437393127800e+00
-1.708873833803944464e+01
-2.975047892620899503e+01
-4.126594331128723070e+01
-5.144408545942560806e+01
-6.016632507375260275e+01
-6.713621141208942333e+01
-7.205729373225730683e+01
-7.492298423998558121e+01
-7.565422940402659435e+01
-7.431690716708672539e+01
-7.119429268280350698e+01
-6.631273712825947086e+01
-5.947460667533542988e+01
-5.099611544902210625e+01
-4.171391332169073252e+01
-3.129861057980933126e+01
-2.027064297075843058e+01
-9.031865945047062638e+00
2.332079171806462181e+00
1.344568810637567680e+01
2.399933452794051547e+01
3.361092636880387374e+01
4.203671524095208412e+01
4.937551805844473307e+01
5.496196759994722214e+01
5.930332402429879579e+01
6.174080790443549915e+01
6.261698454243057910e+01
6.175398349297677214e+01
5.889488077951913425e+01
5.488291406869954159e+01
4.945457158969241362e+01
4.271525805082796978e+01
3.503388993126205264e+01
2.635117708255889823e+01
1.717437966355776169e+01
7.767009445084235075e+00
-1.726002098907607696e+00
-1.096867746061514026e+01
-1.969091707494213495e+01
-2.757650681689788641e+01
-3.484943169168413846e+01
-4.090361462640204593e+01
-4.569952885542776500e+01
-4.929646452719705962e+01
-5.156925355056775828e+01
-5.222144518336109797e+01
-5.153631457921456160e+01
-4.936893026417409658e+01
-4.600915518614783650e+01
-4.145698934513578848e+01
-3.588371539217457951e+01
-2.953308171527788417e+01
-2.237873713736314230e+01
-1.482253710893937892e+01
-6.923771778442350033e+00
8.893522265363628110e-01
8.313796369547331366e+00
1.563942359849870556e+01
2.239850052017506243e+01
2.832751536375081614e+01
3.338694136360211928e+01
3.733961792598595508e+01
4.051493476443430097e+01
4.212235656647039406e+01
4.271525805082796978e+01
4.231340260031895184e+01
4.058740050141133793e+01
3.795887058742609099e+01
3.431582035576232670e+01
2.977024230902091517e+01
2.445389233261465733e+01
1.858416763747466049e+01
1.214789263505965167e+01
5.902663666493192629e+00
-5.599625130043766053e-01
-6.871069424277232329e+00
-1.286596221055938116e+01
-1.857757984320402400e+01
-2.356454010607829375e+01
-2.787295755907667427e+01
-3.139083969959828480e+01
-3.401936961358353528e+01
-3.526446273073444360e+01
-3.568608156405538523e+01
-3.538963082187660092e+01
-3.401936961358353528e+01
-3.175975617875410961e+01
-2.878207316842495445e+01
-2.494797690291263592e+01
-2.058685709574913858e+01
-1.561966021568678542e+01
-1.051411965594100018e+01
-5.421754684736493246e+00
1.317558854127944858e-02
5.270235416511779292e+00
1.032307362209244772e+01
1.486206387456321742e+01
1.899919867652496563e+01
2.271471464516577043e+01
2.547500044456381474e+01
2.739863637159061227e+01
2.873595860853047768e+01
2.941450141840637045e+01
2.913122626476885912e+01
2.802447682730138823e+01
2.624577237422866105e+01
2.375558613992684442e+01
2.057368150720785849e+01
1.706238716095688446e+01
1.298454250743089666e+01
8.715651820056354637e+00
4.321593041539658842e+00
-2.635117708255889715e-02
-4.473112309764372796e+00
-8.643186083079317683e+00
-1.261562602827507185e+01
-1.592269875213621333e+01
-1.897943529371304550e+01
-2.142350696812038180e+01
-2.318244803838118884e+01
-2.416402938470650952e+01
-2.452635806959169429e+01
-2.453294586386233433e+01
-2.363041804878469065e+01
-2.230627140038610534e+01
-2.016523826242819695e+01
-1.746424261146590950e+01
-1.474348357769170370e+01
-1.127171599706456817e+01
-7.549612234153124213e+00
-4.044905682172791117e+00
-2.700995650962286776e-01
3.228019192613464927e+00
6.884245012818511533e+00
1.012543979397325700e+01
1.296477912461897652e+01
1.535614844486119779e+01
1.737860128594759246e+01
1.905848882496072250e+01
2.011912370253371662e+01
2.048804018168954144e+01
2.024429179367587395e+01
1.965797810358893827e+01
1.838653380935546977e+01
1.652877582503506915e+01
1.466443004644402670e+01
1.205566351527069457e+01
9.236087567436893409e+00
6.521916327933326762e+00
3.511294346250973142e+00
3.886798619677437339e-01
-2.687820062421007350e+00
-5.757732192539118721e+00
-8.491666814854603729e+00
-1.094891407780322190e+01
-1.295160353607769821e+01
-1.473689578342106365e+01
-1.589634757505365492e+01
-1.670664627034233973e+01
-1.720731863491095837e+01
-1.703603598387432783e+01
-1.649583685368186892e+01
-1.568553815839318410e+01
-1.434821592145331870e+01
-1.255633587983931498e+01
-1.044165391896396322e+01
-8.175452689863897504e+00
-5.803846752433597267e+00
-3.293897135319862279e+00
-5.138479531098985031e-01
1.910460338485520104e+00
4.380883189975416592e+00
6.521916327933326762e+00
8.557544757561002413e+00
1.035601259344564617e+01
1.187120527569278394e+01
1.295819133034833825e+01
1.389365811677917861e+01
1.417034547614604634e+01
1.404517738500389257e+01
1.357744399178847239e+01
1.285278662201810285e+01
1.168015924184423149e+01
1.021108111949157227e+01
8.491666814854603729e+00
6.693198978969959967e+00
4.552165841012049796e+00
2.635117708255889646e+00
4.216188333209423544e-01
-1.805055630155284474e+00
-3.702340380099525152e+00
-5.672090867020802563e+00
-7.444207525822888805e+00
-9.012102562235142500e+00
-1.005956185126685831e+01
-1.109384555175729581e+01
-1.178556395017446690e+01
-1.187120527569278394e+01
-1.197002218975237930e+01
-1.156157894497271599e+01
-1.086986054655554490e+01
-9.861928023147667588e+00
-8.788117557033391591e+00
-7.404680760199050304e+00
-5.810434546704236425e+00
-4.275478481645181184e+00
-2.437483880136698033e+00
-6.258404557107738464e-01
1.060634877572995682e+00
2.832751536375081258e+00
4.361119807163497342e+00
5.751144398268479563e+00
7.062115458125784784e+00
7.951467684662147484e+00
8.860583294010428546e+00
9.315141098684570409e+00
9.552301692427599633e+00
9.789462286170630634e+00
9.216324184624975047e+00
8.827644322657230092e+00
8.267681809652854596e+00
7.220222520621137896e+00
6.047595140447266537e+00
4.637807166530365954e+00
3.425653020732656540e+00
1.976338281191917234e+00
4.413822161328615490e-01
-1.001344729137238154e+00
-2.556064177008213090e+00
-3.695752585828885106e+00
-5.019899234227469975e+00
-6.100297494612385130e+00
-6.851306041465313079e+00
-7.378329583116491008e+00
-7.885589741955749687e+00
-8.188628278405177596e+00
-8.228155044029016096e+00
-8.076635775804302142e+00
-7.694543708107198121e+00
-6.950122955524909329e+00
-6.278167939919657492e+00
-5.230708650887940792e+00
-4.176661567585584933e+00
-3.181904632718986825e+00
-1.903872544214880280e+00
-6.192526614401341334e-01
6.785428098758915505e-01
1.752353275990166770e+00
2.872278301998919758e+00
3.867035236865518311e+00
4.762975257672520613e+00
5.513983804525449450e+00
6.139824260236222742e+00
6.462626179497569900e+00
6.614145447722282967e+00
6.666847801887400671e+00
6.469213973768209058e+00
6.093709700341745084e+00
5.454693656089691700e+00
4.776150846213799817e+00
4.104195830608547979e+00
3.307072723861141483e+00
2.417720497324778783e+00
1.310971059857305221e+00
2.437483880136697978e-01
-7.971231067474066068e-01
-1.528368270788416083e+00
-2.569239765549492294e+00
-3.425653020732656540e+00
-4.156898184773665683e+00
-4.618043783718446704e+00
-5.296586593594338588e+00
-5.513983804525449450e+00
-5.711617632644641063e+00
-5.520571598796088608e+00
-5.718205426915281109e+00
-5.560098364419927108e+00
-4.947433497250433021e+00
-4.341356424351578092e+00
-3.708928174370164754e+00
-3.043560953035552519e+00
-2.305727994723903329e+00
-1.488841505164577583e+00
-6.390160442520532724e-01
2.964507421787875852e-01
1.106749437467473784e+00
1.837994601508483150e+00
2.444071674407337635e+00
3.148965661365788371e+00
3.748454939994003254e+00
4.051493476443430275e+00
4.446761132681813500e+00
4.611455989447806658e+00
4.565341429553329000e+00
4.519226869658850454e+00
4.137134801961746433e+00
3.840684059782959459e+00
3.438828609273936188e+00
2.872278301998919758e+00
2.193735492123028319e+00
1.811643424425924076e+00
8.564132551831641349e-01
1.119925026008753155e-01
-3.689164791558245393e-01
-1.021108111949157182e+00
-1.712826510366328270e+00
-2.272789023370704875e+00
-2.720759033774206248e+00
-3.320248312402421131e+00
-3.570584494686730448e+00
-3.853859648324238663e+00
-3.893386413948077163e+00
-3.992203328007672969e+00
-4.044905682172791117e+00
-3.919737591030636015e+00
-3.478355374897774244e+00
-3.083087718659391019e+00
-2.608766531173330794e+00
-2.154208726499189819e+00
-1.706238716095688668e+00
-1.040871494761076432e+00
-4.611455989447806880e-01
1.317558854127944858e-02
6.785428098758915505e-01
1.067222671843635284e+00
1.607421802036092640e+00
2.094918578063432513e+00
2.404544908783499579e+00
2.668056679609088544e+00
3.030385364494273315e+00
3.175316838448347223e+00
3.162141249907067575e+00
3.004034187411714463e+00
2.938156244705317111e+00
2.793224770751243202e+00
2.391369320242219931e+00
2.068567400980873217e+00
1.488841505164577583e+00
9.618179635133997651e-01
6.653672213346121245e-01
7.905353124767669493e-02
-3.755042734264643078e-01
-7.641841353942080417e-01
-1.264856499962827119e+00
-1.712826510366328270e+00
-1.963162692650637808e+00
-2.147620932228550217e+00
-2.648293296797169294e+00
-2.700995650962286998e+00
-2.898629479081478610e+00
-2.872278301998919758e+00
-2.878866096269559360e+00
-2.707583445232926600e+00
-2.272789023370704875e+00
-2.108094166604711717e+00
-2.029040635357035161e+00
-1.660124156201210566e+00
-1.179215174444510739e+00
-9.420545807014806261e-01
-5.006723645686190771e-01
1.185802968715150424e-01
3.623286848851848263e-01
7.641841353942080417e-01
1.021108111949157182e+00
1.297795471316025795e+00
1.640360773389291316e+00
1.897284749944240678e+00
1.943399309838718558e+00
2.173972109311109069e+00
2.048804018168954411e+00
2.055391812439594013e+00
1.903872544214880280e+00
1.818231218696563900e+00
1.765528864531446196e+00
1.396612385375621601e+00
1.126512820279392812e+00
9.157034036189216630e-01
5.467869244630970682e-01
1.185802968715150424e-01
-3.293897135319862057e-01
-5.204357473805382162e-01
-8.893522265363628110e-01
-1.166039585903231091e+00
-1.403200179646261203e+00
-1.521780476517776259e+00
-1.765528864531446196e+00
-1.923635927026799530e+00
-1.752353275990166770e+00
-2.101506372334072115e+00
-2.055391812439594013e+00
-1.923635927026799530e+00
-1.824819012967203724e+00
-1.719414304636968094e+00
-1.376849002563702351e+00
-1.192390762985790165e+00
-1.027695906219797006e+00
-7.971231067474066068e-01
-3.820920676971040209e-01
-1.844582395779122697e-01
1.119925026008753155e-01
5.731381015456560313e-01
6.785428098758915505e-01
9.947569348665983302e-01
1.198978557256429767e+00
1.376849002563702351e+00
1.422963562458180453e+00
1.403200179646261203e+00
1.363673414022422925e+00
1.231917528609628443e+00
1.238505322880268267e+00
1.093573848926194136e+00
1.093573848926194136e+00
9.157034036189216630e-01
8.630010494538038479e-01
3.820920676971040209e-01
3.359775078026259187e-01
6.587794270639724288e-03
-1.449314739540739361e-01
-5.797258958162957443e-01
-7.246573697703696526e-01
-8.366498723712449959e-01
-9.157034036189216630e-01
-1.093573848926194136e+00
-1.126512820279392812e+00
-1.324146648398584647e+00
-1.357085619751783101e+00
-1.363673414022422925e+00
-1.330734442669224249e+00
-1.304383265586665397e+00
-1.396612385375621601e+00
-1.304383265586665397e+00
-9.618179635133997651e-01
-9.157034036189216630e-01
-7.180695754997299396e-01
-4.216188333209423544e-01
-3.162141249907067797e-01
-2.569239765549492516e-01
8.564132551831642182e-02
1.976338281191917234e-01
4.018554505090231599e-01
6.456038385226929854e-01
8.037109010180463198e-01
7.510085468529286157e-01
8.761766379950833850e-01
8.761766379950833850e-01
8.498254609125244219e-01
8.498254609125244219e-01
9.091156093482819500e-01
7.839475182061271807e-01
6.258404557107738464e-01
5.467869244630970682e-01
4.347944218622217805e-01
2.832751536375081591e-01
2.042216223898314642e-01
-7.905353124767669493e-02
-2.503361822843095386e-01
-4.479700104035012620e-01
-5.467869244630970682e-01
-6.456038385226929854e-01
-7.048939869584505136e-01
-8.959400208070025240e-01
-1.014520317678517580e+00
-8.761766379950833850e-01
-1.054047083302355858e+00
-8.300620781006052828e-01
-7.246573697703696526e-01
-6.653672213346121245e-01
-8.827644322657230980e-01
-7.839475182061271807e-01
-6.653672213346121245e-01
-6.521916327933326984e-01
-5.665503072750163183e-01
-2.569239765549492516e-01
-2.700995650962286776e-01
-1.251680911421547693e-01
-3.293897135319862057e-02
-6.587794270639724288e-03
1.515192682247136491e-01
3.557408906145451133e-01
3.689164791558245393e-01
5.204357473805382162e-01
5.665503072750163183e-01
6.192526614401341334e-01
5.467869244630970682e-01
4.545578046741409750e-01
5.533747187337368922e-01
5.731381015456560313e-01
5.270235416511779292e-01
2.832751536375081591e-01
3.096263307200670667e-01
3.689164791558245393e-01
2.437483880136697978e-01
4.611455989447806741e-02
-1.712826510366328436e-01
-2.898629479081478721e-01
-4.216188333209423544e-01
-3.293897135319862057e-01
-2.437483880136697978e-01
-6.192526614401341334e-01
-7.114817812290902266e-01
-7.905353124767668938e-01
-8.234742838299655698e-01
-7.510085468529286157e-01
-7.312451640410093656e-01
-6.456038385226929854e-01
-6.851306041465313745e-01
-5.863136900869354573e-01
-5.929014843575751703e-01
-5.138479531098985031e-01
-4.545578046741409750e-01
-2.898629479081478721e-01
-2.239850052017506310e-01
-1.844582395779122697e-01
2.635117708255889715e-02
2.173972109311108902e-01
4.611455989447806741e-02
1.515192682247136491e-01
3.557408906145451133e-01
3.359775078026259187e-01
3.623286848851848263e-01
2.766873593668684461e-01
2.898629479081478721e-01
4.809089817566998826e-01
4.611455989447806880e-01
3.293897135319862057e-01
2.173972109311108902e-01
1.712826510366328436e-01
1.778704453072725566e-01
3.952676562383834746e-02
5.270235416511779430e-02
-1.251680911421547693e-01
-5.270235416511779430e-02
-1.976338281191917373e-02
-3.228019192613464927e-01
-3.096263307200670667e-01
-3.162141249907067797e-01
-3.952676562383834469e-01
-5.665503072750163183e-01
-4.150310390503026414e-01
-5.270235416511779292e-01
-7.312451640410093656e-01
-5.467869244630970682e-01
-5.929014843575751703e-01
-4.874967760273395956e-01
-5.138479531098985031e-01
-4.084432447796629284e-01
-2.239850052017506310e-01
-4.018554505090231599e-01
-2.964507421787875852e-01
-1.515192682247136491e-01
-1.251680911421547693e-01
-1.383436796834342231e-01
-9.881691405959586172e-02
-2.635117708255889715e-02
1.185802968715150424e-01
5.929014843575752119e-02
4.611455989447806741e-02
1.515192682247136491e-01
2.173972109311108902e-01
3.030385364494272982e-01
2.503361822843095386e-01
1.646948567659931029e-01
7.905353124767669493e-02
1.646948567659931029e-01
9.222911978895613483e-02
1.185802968715150424e-01
5.929014843575752119e-02
-1.119925026008753155e-01
-6.587794270639724288e-03
-9.881691405959586172e-02
-3.689164791558245393e-01
-1.976338281191917234e-01
-3.162141249907067797e-01
-2.832751536375081591e-01
-2.635117708255889646e-01
-3.886798619677437339e-01
-5.270235416511779292e-01
-4.545578046741409750e-01
-3.293897135319862057e-01
-2.964507421787875852e-01
-4.150310390503026414e-01
-4.018554505090231599e-01
-5.665503072750163183e-01
-4.150310390503026414e-01
-5.006723645686190771e-01
-3.623286848851848263e-01
-2.173972109311108902e-01
-4.611455989447806741e-02
-1.581070624953533899e-01
-2.437483880136697978e-01
6.587794270639724288e-03
-9.881691405959586172e-02
-6.587794270639724115e-02
2.635117708255889715e-02
5.929014843575752119e-02
1.251680911421547693e-01
9.881691405959586172e-02
1.185802968715150424e-01
1.646948567659931029e-01
1.251680911421547693e-01
5.270235416511779430e-02
2.635117708255889715e-02
-3.293897135319862057e-02
0.000000000000000000e+00
7.905353124767669493e-02
4.611455989447806741e-02
-9.222911978895613483e-02
-3.952676562383834746e-02
-2.635117708255889715e-02
-1.383436796834342231e-01
-2.832751536375081591e-01
-1.844582395779122697e-01
-3.359775078026259187e-01
-4.150310390503026414e-01
-4.940845702979793086e-01
-3.557408906145451133e-01
-3.491530963439054003e-01
-3.755042734264643078e-01
-2.108094166604711772e-01
-2.635117708255889646e-01
-4.413822161328615490e-01
-4.018554505090231599e-01
-3.293897135319862057e-01
-2.898629479081478721e-01
-2.305727994723903440e-01
-2.108094166604711772e-01
-7.905353124767669493e-02
-7.905353124767669493e-02
-7.905353124767669493e-02
-5.929014843575752119e-02
-1.515192682247136491e-01
-3.952676562383834746e-02
-9.222911978895613483e-02
0.000000000000000000e+00
6.587794270639724115e-02
7.246573697703696804e-02
1.119925026008753155e-01
-1.317558854127944858e-02
3.293897135319862057e-02
1.251680911421547693e-01
5.929014843575752119e-02
-8.564132551831642182e-02
-9.881691405959586172e-02
-2.503361822843095386e-01
-2.700995650962286776e-01
-1.778704453072725566e-01
-3.293897135319862057e-01
-1.910460338485520104e-01
-5.270235416511779430e-02
-2.239850052017506310e-01
-4.479700104035012620e-01
-4.150310390503026414e-01
-3.557408906145451133e-01
-1.515192682247136491e-01
-1.119925026008753155e-01
-2.832751536375081591e-01
-1.119925026008753155e-01
-2.766873593668684461e-01
-2.239850052017506310e-01
-2.700995650962286776e-01
-1.778704453072725566e-01
-1.778704453072725566e-01
-2.898629479081478721e-01
-2.635117708255889715e-02
-1.119925026008753155e-01
-3.952676562383834746e-02
-1.976338281191917234e-01
-7.905353124767669493e-02
-1.976338281191917373e-02
-1.581070624953533899e-01
0.000000000000000000e+00
-9.222911978895613483e-02
-7.905353124767669493e-02
-1.251680911421547693e-01
-9.881691405959586172e-02
-1.976338281191917373e-02
6.587794270639724115e-02
-9.222911978895613483e-02
-3.096263307200670667e-01
-1.383436796834342231e-01
-9.881691405959586172e-02
-1.054047083302355886e-01
-1.185802968715150424e-01
-1.317558854127944823e-01
-2.108094166604711772e-01
-1.449314739540739361e-01
-2.898629479081478721e-01
-2.042216223898314642e-01
-1.449314739540739361e-01
-7.246573697703696804e-02
-1.383436796834342231e-01
-9.881691405959586172e-02
-3.228019192613464927e-01
-2.437483880136697978e-01
-1.712826510366328436e-01
-4.611455989447806741e-02
-2.371605937430300848e-01
-2.832751536375081591e-01
-1.119925026008753155e-01
-1.054047083302355886e-01
-1.317558854127944823e-01
-1.185802968715150424e-01
-5.929014843575752119e-02
-9.881691405959586172e-02
-1.251680911421547693e-01
-1.383436796834342231e-01
-8.564132551831642182e-02
7.246573697703696804e-02
-4.611455989447806741e-02
3.952676562383834746e-02
-1.251680911421547693e-01
-1.383436796834342231e-01
-3.952676562383834746e-02
7.905353124767669493e-02
0.000000000000000000e+00
-1.317558854127944823e-01
-1.383436796834342231e-01
-2.635117708255889715e-02
-4.611455989447806741e-02
-3.359775078026259187e-01
-1.976338281191917373e-02
-4.611455989447806741e-02
-1.185802968715150424e-01
-1.646948567659931029e-01
-1.778704453072725566e-01
-1.119925026008753155e-01
-1.646948567659931029e-01
-3.886798619677437339e-01
-2.371605937430300848e-01
-2.898629479081478721e-01
-3.952676562383834746e-02
-1.119925026008753155e-01
-2.371605937430300848e-01
-3.886798619677437339e-01
-2.305727994723903440e-01
-2.239850052017506310e-01
-2.239850052017506310e-01
-2.305727994723903440e-01
-2.569239765549492516e-01
-2.898629479081478721e-01
-1.646948567659931029e-01
-2.371605937430300848e-01
-3.030385364494272982e-01
-1.844582395779122697e-01
-7.905353124767669493e-02
-1.054047083302355886e-01
-5.929014843575752119e-02
-9.222911978895613483e-02
-1.185802968715150424e-01
-1.251680911421547693e-01
-5.929014843575752119e-02
-1.251680911421547693e-01
-1.778704453072725566e-01
-8.564132551831642182e-02
-1.383436796834342231e-01
-1.383436796834342231e-01
-2.173972109311108902e-01
-1.054047083302355886e-01
-2.173972109311108902e-01
-7.246573697703696804e-02
-9.881691405959586172e-02
-1.515192682247136491e-01
-3.689164791558245393e-01
-5.270235416511779430e-02
-8.564132551831642182e-02
-1.383436796834342231e-01
-1.383436796834342231e-01
-1.646948567659931029e-01
-5.929014843575752119e-02
-1.712826510366328436e-01
-1.515192682247136491e-01
-2.239850052017506310e-01
-1.844582395779122697e-01
-2.832751536375081591e-01
-1.185802968715150424e-01
-1.646948567659931029e-01
-1.712826510366328436e-01
-9.881691405959586172e-02
-1.383436796834342231e-01
-2.173972109311108902e-01
-1.185802968715150424e-01
-6.587794270639724288e-03
-8.564132551831642182e-02
-1.054047083302355886e-01
-6.587794270639724288e-03
-5.929014843575752119e-02
-1.317558854127944858e-02
-1.976338281191917234e-01
-2.700995650962286776e-01
1.976338281191917373e-02
7.246573697703696804e-02
-1.976338281191917234e-01
-1.712826510366328436e-01
3.952676562383834746e-02
-6.587794270639724288e-03
-2.173972109311108902e-01
-2.635117708255889646e-01
7.905353124767669493e-02
-1.185802968715150424e-01
-1.778704453072725566e-01
-1.317558854127944823e-01
-5.270235416511779430e-02
-1.581070624953533899e-01
-9.222911978895613483e-02
-9.881691405959586172e-02
-9.881691405959586172e-02
-3.096263307200670667e-01
-3.952676562383834746e-02
-3.030385364494272982e-01
-5.929014843575752119e-02
-9.222911978895613483e-02
-2.305727994723903440e-01
-1.778704453072725566e-01
-1.515192682247136491e-01
1.054047083302355886e-01
-1.646948567659931029e-01
-2.305727994723903440e-01
-1.449314739540739361e-01
2.635117708255889715e-02
-5.929014843575752119e-02
-3.952676562383834746e-02
-1.976338281191917234e-01
-5.929014843575752119e-02
-1.976338281191917234e-01
-2.635117708255889646e-01
-1.383436796834342231e-01
-1.844582395779122697e-01
-1.054047083302355886e-01
0.000000000000000000e+00
-3.952676562383834746e-02
-1.317558854127944858e-02
-1.185802968715150424e-01
-2.108094166604711772e-01
-1.712826510366328436e-01
-9.222911978895613483e-02
-1.251680911421547693e-01
-1.844582395779122697e-01
-1.910460338485520104e-01
-6.587794270639724115e-02
-1.844582395779122697e-01
-6.587794270639724115e-02
-7.905353124767669493e-02
-1.976338281191917373e-02
-2.503361822843095386e-01
-1.251680911421547693e-01
-6.587794270639724115e-02
-1.119925026008753155e-01
-6.587794270639724115e-02
-1.778704453072725566e-01
3.952676562383834746e-02
-2.042216223898314642e-01
-1.910460338485520104e-01
-1.712826510366328436e-01
-1.383436796834342231e-01
-1.251680911421547693e-01
-5.270235416511779430e-02
-1.251680911421547693e-01
1.317558854127944858e-02
1.976338281191917373e-02
-6.587794270639724288e-03
-2.371605937430300848e-01
-1.844582395779122697e-01
-1.844582395779122697e-01
-6.587794270639724115e-02
-2.635117708255889715e-02
-2.569239765549492516e-01
-7.246573697703696804e-02
-7.905353124767669493e-02
-6.587794270639724288e-03
-7.246573697703696804e-02
6.587794270639724288e-03
-6.587794270639724115e-02
-2.108094166604711772e-01
-1.910460338485520104e-01
-1.844582395779122697e-01
-1.844582395779122697e-01
-2.371605937430300848e-01
-4.611455989447806741e-02
-1.778704453072725566e-01
-1.185802968715150424e-01
-1.976338281191917234e-01
-1.844582395779122697e-01
-1.054047083302355886e-01
-1.844582395779122697e-01
-2.305727994723903440e-01
-2.371605937430300848e-01
-1.054047083302355886e-01
-6.587794270639724288e-03
-4.611455989447806741e-02
-6.587794270639724115e-02
-6.587794270639724115e-02
-1.383436796834342231e-01
-1.185802968715150424e-01
6.587794270639724288e-03
-2.239850052017506310e-01
-1.383436796834342231e-01
-1.054047083302355886e-01
-1.317558854127944823e-01
-1.185802968715150424e-01
-1.581070624953533899e-01
-9.222911978895613483e-02
-1.383436796834342231e-01
-5.270235416511779430e-02
-2.635117708255889646e-01
-1.910460338485520104e-01
-1.910460338485520104e-01
-8.564132551831642182e-02
-2.635117708255889715e-02
-3.359775078026259187e-01
-1.251680911421547693e-01
-6.587794270639724115e-02
-1.185802968715150424e-01
-9.881691405959586172e-02
-1.119925026008753155e-01
-1.317558854127944858e-02
-1.778704453072725566e-01
-1.383436796834342231e-01
-4.611455989447806741e-02
-1.383436796834342231e-01
-1.185802968715150424e-01
-2.832751536375081591e-01
-5.929014843575752119e-02
-9.881691405959586172e-02
-1.054047083302355886e-01
-6.587794270639724115e-02
-1.778704453072725566e-01
-1.317558854127944858e-02
-1.449314739540739361e-01
-2.108094166604711772e-01
-1.449314739540739361e-01
-1.251680911421547693e-01
-3.162141249907067797e-01
-6.587794270639724115e-02
3.952676562383834746e-02
-1.251680911421547693e-01
-1.449314739540739361e-01
-2.108094166604711772e-01
-2.305727994723903440e-01
-1.976338281191917234e-01
-5.929014843575752119e-02
1.383436796834342231e-01
1.976338281191917373e-02
3.952676562383834746e-02
-2.437483880136697978e-01
-2.042216223898314642e-01
-1.054047083302355886e-01
-1.185802968715150424e-01
-1.449314739540739361e-01
-3.293897135319862057e-02
-1.383436796834342231e-01
-1.778704453072725566e-01
-1.910460338485520104e-01
-1.383436796834342231e-01
-1.383436796834342231e-01
-7.905353124767669493e-02
-8.564132551831642182e-02
-1.054047083302355886e-01
-1.515192682247136491e-01
-2.832751536375081591e-01
-7.246573697703696804e-02
-6.587794270639724288e-03
-1.844582395779122697e-01
-2.042216223898314642e-01
-7.905353124767669493e-02
-7.246573697703696804e-02
-2.042216223898314642e-01
-2.437483880136697978e-01
-1.646948567659931029e-01
6.587794270639724115e-02
-8.564132551831642182e-02
-1.712826510366328436e-01
-1.054047083302355886e-01
-5.270235416511779430e-02
-1.778704453072725566e-01
-1.910460338485520104e-01
-2.898629479081478721e-01
-9.881691405959586172e-02
-6.587794270639724288e-03
-1.185802968715150424e-01
-2.042216223898314642e-01
-3.425653020732656873e-01
-2.503361822843095386e-01
-2.305727994723903440e-01
-2.832751536375081591e-01
-2.305727994723903440e-01
-5.270235416511779430e-02
-9.881691405959586172e-02
-2.042216223898314642e-01
-3.359775078026259187e-01
-1.581070624953533899e-01
-1.646948567659931029e-01
-3.293897135319862057e-02
-1.515192682247136491e-01
-1.185802968715150424e-01
-1.054047083302355886e-01
-1.317558854127944858e-02
-4.611455989447806741e-02
-7.246573697703696804e-02
-5.929014843575752119e-02
-1.383436796834342231e-01
-1.383436796834342231e-01
-2.108094166604711772e-01
-1.449314739540739361e-01
1.054047083302355886e-01
-1.383436796834342231e-01
-3.689164791558245393e-01
-7.905353124767669493e-02
-1.449314739540739361e-01
-9.881691405959586172e-02
-2.635117708255889646e-01
1.317558854127944858e-02
-5.929014843575752119e-02
-2.305727994723903440e-01
-4.611455989447806741e-02
-2.635117708255889715e-02
1.317558854127944858e-02
-1.317558854127944858e-02
-9.222911978895613483e-02
-1.581070624953533899e-01
-1.449314739540739361e-01
-6.587794270639724115e-02
-2.108094166604711772e-01
-1.119925026008753155e-01
-3.293897135319862057e-02
6.587794270639724288e-03
-2.239850052017506310e-01
-2.108094166604711772e-01
-3.293897135319862057e-02
-5.929014843575752119e-02
-1.646948567659931029e-01
-2.173972109311108902e-01
-1.185802968715150424e-01
-3.952676562383834746e-02
-2.042216223898314642e-01
-8.564132551831642182e-02
-1.054047083302355886e-01
1.317558854127944858e-02
-7.905353124767669493e-02
-1.910460338485520104e-01
-2.766873593668684461e-01
-2.832751536375081591e-01
-1.581070624953533899e-01
-4.611455989447806741e-02
-8.564132551831642182e-02
-7.905353124767669493e-02
3.952676562383834746e-02
1.976338281191917373e-02
-1.844582395779122697e-01
-2.108094166604711772e-01
-2.898629479081478721e-01
-9.222911978895613483e-02
-1.383436796834342231e-01
-1.119925026008753155e-01
-2.437483880136697978e-01
-1.185802968715150424e-01
-6.587794270639724288e-03
-2.371605937430300848e-01
-9.222911978895613483e-02
-5.929014843575752119e-02
-1.646948567659931029e-01
-2.173972109311108902e-01
-1.449314739540739361e-01
-1.778704453072725566e-01
-1.119925026008753155e-01
-6.587794270639724288e-03
-9.881691405959586172e-02
-1.910460338485520104e-01
-1.581070624953533899e-01
-1.581070624953533899e-01
-1.712826510366328436e-01
-3.293897135319862057e-02
-2.766873593668684461e-01
-7.905353124767669493e-02
-1.515192682247136491e-01
-3.623286848851848263e-01
-1.844582395779122697e-01
-2.635117708255889646e-01
-2.766873593668684461e-01
-8.564132551831642182e-02
-1.515192682247136491e-01
-1.119925026008753155e-01
-1.185802968715150424e-01
8.564132551831642182e-02
-1.185802968715150424e-01
-1.581070624953533899e-01
1.317558854127944858e-02
-1.054047083302355886e-01
-1.844582395779122697e-01
-1.383436796834342231e-01
-1.581070624953533899e-01
-1.317558854127944858e-02
1.317558854127944858e-02
-6.587794270639724288e-03
-9.222911978895613483e-02
-9.222911978895613483e-02
-3.096263307200670667e-01
-3.557408906145451133e-01
-1.778704453072725566e-01
-2.503361822843095386e-01
-1.449314739540739361e-01
-2.371605937430300848e-01
-6.587794270639724115e-02
-1.646948567659931029e-01
-2.635117708255889715e-02
5.270235416511779430e-02
-1.976338281191917234e-01
-1.910460338485520104e-01
-1.317558854127944858e-02
-1.712826510366328436e-01
-1.054047083302355886e-01
-1.383436796834342231e-01
-1.119925026008753155e-01
-1.712826510366328436e-01
-6.587794270639724288e-03
-1.449314739540739361e-01
-1.185802968715150424e-01
-1.646948567659931029e-01
-1.778704453072725566e-01
-1.712826510366328436e-01
-1.712826510366328436e-01
-2.437483880136697978e-01
-2.569239765549492516e-01
-1.449314739540739361e-01
-3.952676562383834746e-02
-1.383436796834342231e-01
-4.611455989447806741e-02
-1.119925026008753155e-01
-1.251680911421547693e-01
-1.515192682247136491e-01
-7.246573697703696804e-02
-1.185802968715150424e-01
-2.173972109311108902e-01
-1.910460338485520104e-01
-4.611455989447806741e-02
-1.976338281191917234e-01
-1.251680911421547693e-01
-9.222911978895613483e-02
-7.905353124767669493e-02
-6.587794270639724115e-02
-1.778704453072725566e-01
-2.898629479081478721e-01
-1.712826510366328436e-01
1.976338281191917373e-02
-1.185802968715150424e-01
-1.844582395779122697e-01
-2.305727994723903440e-01
-2.305727994723903440e-01
-1.185802968715150424e-01
-1.317558854127944823e-01
-4.611455989447806741e-02
-1.054047083302355886e-01
-1.515192682247136491e-01
-1.581070624953533899e-01
-1.119925026008753155e-01
-1.119925026008753155e-01
7.905353124767669493e-02
1.317558854127944858e-02
3.293897135319862057e-02
-1.581070624953533899e-01
-2.371605937430300848e-01
7.905353124767669493e-02
-2.173972109311108902e-01
-2.239850052017506310e-01
-3.952676562383834746e-02
-9.881691405959586172e-02
-1.976338281191917234e-01
-1.844582395779122697e-01
-1.317558854127944858e-02
-1.646948567659931029e-01
-1.119925026008753155e-01
-2.832751536375081591e-01
-1.778704453072725566e-01
-5.270235416511779430e-02
-1.185802968715150424e-01
-7.246573697703696804e-02
-2.437483880136697978e-01
-1.844582395779122697e-01
-1.317558854127944858e-02
-1.449314739540739361e-01
-2.898629479081478721e-01
-1.383436796834342231e-01
-7.905353124767669493e-02
-1.119925026008753155e-01
-9.222911978895613483e-02
-2.898629479081478721e-01
-2.042216223898314642e-01
-3.096263307200670667e-01
-1.317558854127944823e-01
-1.910460338485520104e-01
-1.119925026008753155e-01
-9.881691405959586172e-02
-2.042216223898314642e-01
-6.587794270639724115e-02
3.293897135319862057e-02
-3.952676562383834746e-02
-1.119925026008753155e-01
-1.976338281191917234e-01
-3.359775078026259187e-01
-7.905353124767669493e-02
-6.587794270639724115e-02
-1.449314739540739361e-01
-1.119925026008753155e-01
-6.587794270639724288e-03
-2.108094166604711772e-01
-1.515192682247136491e-01
-7.905353124767669493e-02
-3.228019192613464927e-01
-1.844582395779122697e-01
-2.239850052017506310e-01
-1.712826510366328436e-01
-1.449314739540739361e-01
-7.246573697703696804e-02
-9.222911978895613483e-02
-1.251680911421547693e-01
-1.910460338485520104e-01
-3.293897135319862057e-02
-1.383436796834342231e-01
-9.222911978895613483e-02
-3.030385364494272982e-01
-1.712826510366328436e-01
-7.905353124767669493e-02
-1.778704453072725566e-01
-9.881691405959586172e-02
-9.881691405959586172e-02
-1.317558854127944823e-01
-9.222911978895613483e-02
0.000000000000000000e+00
-1.317558854127944858e-02
-1.185802968715150424e-01
-2.569239765549492516e-01
-1.383436796834342231e-01
-1.581070624953533899e-01
-1.383436796834342231e-01
-1.383436796834342231e-01
-1.581070624953533899e-01
-7.246573697703696804e-02
-1.712826510366328436e-01
-1.910460338485520104e-01
-2.239850052017506310e-01
-2.898629479081478721e-01
-2.898629479081478721e-01
-2.108094166604711772e-01
-1.054047083302355886e-01
-2.042216223898314642e-01
-1.251680911421547693e-01
-1.778704453072725566e-01
-7.905353124767669493e-02
-7.905353124767669493e-02
-5.929014843575752119e-02
-1.581070624953533899e-01
-7.905353124767669493e-02
-7.905353124767669493e-02
-1.317558854127944823e-01
-1.119925026008753155e-01
-7.905353124767669493e-02
-1.317558854127944823e-01
-1.251680911421547693e-01
-1.383436796834342231e-01
-2.569239765549492516e-01
-9.881691405959586172e-02
-1.646948567659931029e-01
-1.251680911421547693e-01
-1.317558854127944823e-01
-1.119925026008753155e-01
-2.964507421787875852e-01
-1.778704453072725566e-01
-9.222911978895613483e-02
-1.383436796834342231e-01
-2.305727994723903440e-01
-1.251680911421547693e-01
-1.119925026008753155e-01
-1.383436796834342231e-01
-3.293897135319862057e-02
-1.317558854127944823e-01
-1.844582395779122697e-01
-2.700995650962286776e-01
-1.910460338485520104e-01
-1.449314739540739361e-01
-8.564132551831642182e-02
-1.317558854127944823e-01
-1.449314739540739361e-01
-1.119925026008753155e-01
-9.881691405959586172e-02
-3.952676562383834746e-02
-1.910460338485520104e-01
-1.251680911421547693e-01
-9.881691405959586172e-02
-1.646948567659931029e-01
-1.844582395779122697e-01
-1.054047083302355886e-01
3.293897135319862057e-02
9.222911978895613483e-02
5.929014843575752119e-02
-3.952676562383834746e-02
-1.515192682247136491e-01
-1.515192682247136491e-01
-1.383436796834342231e-01
-1.844582395779122697e-01
-2.635117708255889715e-02
-2.108094166604711772e-01
-1.976338281191917234e-01
2.635117708255889715e-02
6.587794270639724288e-03
-1.778704453072725566e-01
-1.910460338485520104e-01
-1.383436796834342231e-01
1.383436796834342231e-01
2.635117708255889715e-02
-1.844582395779122697e-01
-2.371605937430300848e-01
-3.096263307200670667e-01
-2.635117708255889646e-01
-1.185802968715150424e-01
-1.844582395779122697e-01
-1.251680911421547693e-01
-7.905353124767669493e-02
-1.317558854127944823e-01
-1.515192682247136491e-01
-1.581070624953533899e-01
0.000000000000000000e+00
-1.383436796834342231e-01
-1.844582395779122697e-01
-1.976338281191917234e-01
-1.515192682247136491e-01
-8.564132551831642182e-02
-2.700995650962286776e-01
-2.635117708255889646e-01
-3.359775078026259187e-01
-1.185802968715150424e-01
-3.952676562383834746e-02
-9.881691405959586172e-02
-2.437483880136697978e-01
-1.119925026008753155e-01
0.000000000000000000e+00
-9.881691405959586172e-02
-9.881691405959586172e-02
-2.635117708255889715e-02
-1.383436796834342231e-01
-1.119925026008753155e-01
-1.778704453072725566e-01
-2.635117708255889715e-02
-9.222911978895613483e-02
-1.844582395779122697e-01
-1.185802968715150424e-01
-1.910460338485520104e-01
-2.964507421787875852e-01
-2.635117708255889646e-01
-1.778704453072725566e-01
-1.317558854127944823e-01
3.293897135319862057e-02
-7.246573697703696804e-02
-1.449314739540739361e-01
-1.515192682247136491e-01
-1.515192682247136491e-01
3.293897135319862057e-02
-2.635117708255889715e-02
-1.054047083302355886e-01
-2.173972109311108902e-01
-5.929014843575752119e-02
-6.587794270639724288e-03
-3.952676562383834746e-02
-1.778704453072725566e-01
-2.371605937430300848e-01
-3.228019192613464927e-01
-2.503361822843095386e-01
-2.569239765549492516e-01
-1.251680911421547693e-01
6.587794270639724288e-03
-6.587794270639724115e-02
-1.251680911421547693e-01
-1.712826510366328436e-01
-2.239850052017506310e-01
-1.251680911421547693e-01
-1.646948567659931029e-01
-1.383436796834342231e-01
-5.929014843575752119e-02
-1.054047083302355886e-01
-1.778704453072725566e-01
-2.700995650962286776e-01
-1.054047083302355886e-01
-1.251680911421547693e-01
-2.503361822843095386e-01
-1.581070624953533899e-01
-1.515192682247136491e-01
1.976338281191917373e-02
-1.251680911421547693e-01
-1.515192682247136491e-01
-1.449314739540739361e-01
-8.564132551831642182e-02
8.564132551831642182e-02
-4.611455989447806741e-02
-3.293897135319862057e-02
-1.778704453072725566e-01
-1.185802968715150424e-01
-3.293897135319862057e-02
-1.976338281191917234e-01
-1.119925026008753155e-01
-1.054047083302355886e-01
-8.564132551831642182e-02
-3.952676562383834746e-02
-9.881691405959586172e-02
-1.449314739540739361e-01
-1.119925026008753155e-01
-1.844582395779122697e-01
-1.054047083302355886e-01
-2.173972109311108902e-01
-2.108094166604711772e-01
-2.766873593668684461e-01
-1.383436796834342231e-01
-9.881691405959586172e-02
-1.119925026008753155e-01
-6.587794270639724115e-02
-9.222911978895613483e-02
5.929014843575752119e-02
-1.054047083302355886e-01
-1.976338281191917373e-02
-6.587794270639724288e-03
-1.119925026008753155e-01
-1.054047083302355886e-01
-3.293897135319862057e-01
-9.222911978895613483e-02
1.317558854127944858e-02
-1.054047083302355886e-01
-9.222911978895613483e-02
-3.030385364494272982e-01
-1.581070624953533899e-01
-1.251680911421547693e-01
-1.317558854127944858e-02
-7.905353124767669493e-02
-1.515192682247136491e-01
-7.246573697703696804e-02
-1.778704453072725566e-01
-1.185802968715150424e-01
0.000000000000000000e+00
-3.293897135319862057e-02
-1.185802968715150424e-01
-1.317558854127944823e-01
-8.564132551831642182e-02
3.293897135319862057e-02
-7.905353124767669493e-02
-4.611455989447806741e-02
-1.119925026008753155e-01
-2.173972109311108902e-01
-2.964507421787875852e-01
-1.844582395779122697e-01
-1.646948567659931029e-01
-1.449314739540739361e-01
-7.905353124767669493e-02
-5.929014843575752119e-02
-1.054047083302355886e-01
-1.778704453072725566e-01
1.317558854127944858e-02
-1.976338281191917373e-02
-2.635117708255889715e-02
-1.646948567659931029e-01
-1.119925026008753155e-01
-5.929014843575752119e-02
-4.611455989447806741e-02
-1.119925026008753155e-01
-2.042216223898314642e-01
-7.905353124767669493e-02
-9.881691405959586172e-02
-2.503361822843095386e-01
-2.437483880136697978e-01
-1.581070624953533899e-01
-1.119925026008753155e-01
1.317558854127944858e-02
-3.425653020732656873e-01
-1.515192682247136491e-01
9.881691405959586172e-02
-9.222911978895613483e-02
-1.712826510366328436e-01
-2.042216223898314642e-01
-2.042216223898314642e-01
-1.383436796834342231e-01
-7.246573697703696804e-02
-3.293897135319862057e-02
-1.515192682247136491e-01
0.000000000000000000e+00
-1.054047083302355886e-01
-9.881691405959586172e-02
-8.564132551831642182e-02
-2.239850052017506310e-01
-1.976338281191917234e-01
-2.964507421787875852e-01
-1.646948567659931029e-01
-1.712826510366328436e-01
-1.844582395779122697e-01
-1.449314739540739361e-01
-7.246573697703696804e-02
-7.905353124767669493e-02
-2.173972109311108902e-01
-2.700995650962286776e-01
-1.844582395779122697e-01
-2.503361822843095386e-01
-2.042216223898314642e-01
-1.976338281191917234e-01
-1.778704453072725566e-01
-1.317558854127944858e-02
-2.108094166604711772e-01
-1.515192682247136491e-01
-1.910460338485520104e-01
-8.564132551831642182e-02
-3.952676562383834746e-02
-1.119925026008753155e-01
-1.976338281191917234e-01
-1.449314739540739361e-01
-1.712826510366328436e-01
-2.832751536375081591e-01
-2.635117708255889646e-01
-3.228019192613464927e-01
-1.383436796834342231e-01
-5.270235416511779430e-02
-2.042216223898314642e-01
-9.881691405959586172e-02
-9.881691405959586172e-02
-2.173972109311108902e-01
-1.712826510366328436e-01
-2.635117708255889715e-02
-6.587794270639724115e-02
-1.383436796834342231e-01
-7.905353124767669493e-02
-8.564132551831642182e-02
-2.898629479081478721e-01
-2.569239765549492516e-01
-8.564132551831642182e-02
-8.564132551831642182e-02
-2.766873593668684461e-01
-2.569239765549492516e-01
-1.844582395779122697e-01
-1.910460338485520104e-01
-2.766873593668684461e-01
-1.383436796834342231e-01
-2.635117708255889715e-02
-2.305727994723903440e-01
-3.359775078026259187e-01
-2.964507421787875852e-01
-2.635117708255889715e-02
-7.246573697703696804e-02
-1.712826510366328436e-01
-2.635117708255889715e-02
-8.564132551831642182e-02
-2.964507421787875852e-01
1.976338281191917373e-02
-1.515192682247136491e-01
-1.976338281191917234e-01
-1.185802968715150424e-01
-2.108094166604711772e-01
-1.251680911421547693e-01
-1.910460338485520104e-01
-2.503361822843095386e-01
-6.587794270639724115e-02
-1.515192682247136491e-01
-1.119925026008753155e-01
-1.054047083302355886e-01
-7.905353124767669493e-02
-1.383436796834342231e-01
-1.251680911421547693e-01
-1.581070624953533899e-01
-1.449314739540739361e-01
-1.251680911421547693e-01
1.317558854127944858e-02
-5.270235416511779430e-02
-5.270235416511779430e-02
-1.449314739540739361e-01
-9.222911978895613483e-02
-2.635117708255889715e-02
-1.185802968715150424e-01
-3.359775078026259187e-01
-3.425653020732656873e-01
-2.239850052017506310e-01
-1.581070624953533899e-01
-2.635117708255889646e-01
-3.228019192613464927e-01
-2.108094166604711772e-01
6.587794270639724288e-03
-9.222911978895613483e-02
-9.881691405959586172e-02
-3.557408906145451133e-01
-7.246573697703696804e-02
-1.844582395779122697e-01
7.246573697703696804e-02
6.587794270639724288e-03
-1.976338281191917373e-02
-2.964507421787875852e-01
-1.712826510366328436e-01
-4.611455989447806741e-02
-6.587794270639724288e-03
-2.305727994723903440e-01
-9.881691405959586172e-02
-1.712826510366328436e-01
-1.251680911421547693e-01
-6.587794270639724288e-03
1.054047083302355886e-01
-7.246573697703696804e-02
-9.222911978895613483e-02
-7.246573697703696804e-02
-1.185802968715150424e-01
-3.293897135319862057e-01
-7.246573697703696804e-02
-5.929014843575752119e-02
-7.246573697703696804e-02
-1.515192682247136491e-01
-1.581070624953533899e-01
6.587794270639724288e-03
6.587794270639724288e-03
-1.712826510366328436e-01
-7.246573697703696804e-02
0.000000000000000000e+00
-4.611455989447806741e-02
-1.317558854127944823e-01
-2.503361822843095386e-01
-2.042216223898314642e-01
-1.515192682247136491e-01
-1.251680911421547693e-01
-1.449314739540739361e-01
-2.832751536375081591e-01
-5.270235416511779430e-02
-1.054047083302355886e-01
-5.929014843575752119e-02
-5.929014843575752119e-02
-6.587794270639724115e-02
-1.185802968715150424e-01
-8.564132551831642182e-02
-1.383436796834342231e-01
-7.905353124767669493e-02
-1.976338281191917373e-02
2.635117708255889715e-02
1.317558854127944858e-02
-7.905353124767669493e-02
-1.976338281191917234e-01
-1.976338281191917234e-01
-1.646948567659931029e-01
-1.054047083302355886e-01
-1.515192682247136491e-01
-1.449314739540739361e-01
-6.587794270639724115e-02
-9.881691405959586172e-02
-2.305727994723903440e-01
-1.581070624953533899e-01
-1.449314739540739361e-01
-7.246573697703696804e-02
-6.587794270639724115e-02
-1.581070624953533899e-01
-3.952676562383834746e-02
-1.054047083302355886e-01
-1.515192682247136491e-01
-1.251680911421547693e-01
-1.054047083302355886e-01
3.952676562383834746e-02
-2.239850052017506310e-01
-1.844582395779122697e-01
-1.515192682247136491e-01
-1.054047083302355886e-01
-1.054047083302355886e-01
-7.246573697703696804e-02
-1.383436796834342231e-01
-1.646948567659931029e-01
-1.449314739540739361e-01
-7.246573697703696804e-02
-2.832751536375081591e-01
-3.228019192613464927e-01
-3.952676562383834746e-02
-2.239850052017506310e-01
-1.449314739540739361e-01
-1.317558854127944858e-02
-8.564132551831642182e-02
-2.305727994723903440e-01
-2.437483880136697978e-01
-1.976338281191917234e-01
-1.712826510366328436e-01
-3.425653020732656873e-01
-1.251680911421547693e-01
-1.712826510366328436e-01
-2.173972109311108902e-01
-1.251680911421547693e-01
-1.976338281191917373e-02
-3.359775078026259187e-01
-3.952676562383834746e-02
0.000000000000000000e+00
-7.905353124767669493e-02
-1.054047083302355886e-01
-7.905353124767669493e-02
-1.054047083302355886e-01
-3.030385364494272982e-01
-1.449314739540739361e-01
-2.569239765549492516e-01
-3.293897135319862057e-01
-2.239850052017506310e-01
-2.108094166604711772e-01
-1.910460338485520104e-01
-9.881691405959586172e-02
-1.910460338485520104e-01
-2.173972109311108902e-01
-1.581070624953533899e-01
-1.910460338485520104e-01
-9.222911978895613483e-02
-1.054047083302355886e-01
-9.881691405959586172e-02
-1.317558854127944823e-01
-9.881691405959586172e-02
5.929014843575752119e-02
-3.293897135319862057e-02
-1.976338281191917373e-02
3.952676562383834746e-02
-2.503361822843095386e-01
-5.270235416511779430e-02
-1.383436796834342231e-01
-1.778704453072725566e-01
-7.246573697703696804e-02
-9.222911978895613483e-02
-4.611455989447806741e-02
7.246573697703696804e-02
-1.185802968715150424e-01
-1.251680911421547693e-01
-1.515192682247136491e-01
-3.096263307200670667e-01
-2.766873593668684461e-01
-1.317558854127944823e-01
-2.503361822843095386e-01
-2.042216223898314642e-01
-2.437483880136697978e-01
-2.898629479081478721e-01
-9.222911978895613483e-02
-6.587794270639724115e-02
-2.173972109311108902e-01
-2.635117708255889646e-01
-9.222911978895613483e-02
-1.251680911421547693e-01
-2.832751536375081591e-01
-1.449314739540739361e-01
-7.246573697703696804e-02
-1.185802968715150424e-01
-1.449314739540739361e-01
-1.778704453072725566e-01
-1.317558854127944823e-01
-6.587794270639724115e-02
-1.449314739540739361e-01
-2.305727994723903440e-01
-3.293897135319862057e-01
-2.239850052017506310e-01
3.952676562383834746e-02
-2.569239765549492516e-01
-2.437483880136697978e-01
-1.251680911421547693e-01
-3.228019192613464927e-01
-1.778704453072725566e-01
-3.952676562383834746e-02
-1.910460338485520104e-01
-9.881691405959586172e-02
-2.371605937430300848e-01
-1.646948567659931029e-01
-1.317558854127944823e-01
-1.185802968715150424e-01
7.905353124767669493e-02
-3.952676562383834746e-02
-1.054047083302355886e-01
-1.251680911421547693e-01
-3.952676562383834746e-02
-5.270235416511779430e-02
6.587794270639724288e-03
-6.587794270639724115e-02
-5.270235416511779430e-02
-1.910460338485520104e-01
-1.910460338485520104e-01
-5.929014843575752119e-02
6.587794270639724288e-03
-1.119925026008753155e-01
-1.119925026008753155e-01
-1.581070624953533899e-01
-1.976338281191917234e-01
-3.952676562383834746e-02
-6.587794270639724288e-03
-5.270235416511779430e-02
0.000000000000000000e+00
-1.581070624953533899e-01
-7.246573697703696804e-02
-1.976338281191917234e-01
-1.317558854127944858e-02
-1.976338281191917373e-02
-4.611455989447806741e-02
-1.383436796834342231e-01
-2.766873593668684461e-01
-1.712826510366328436e-01
-5.929014843575752119e-02
-1.251680911421547693e-01
-2.173972109311108902e-01
-1.646948567659931029e-01
-6.587794270639724115e-02
3.952676562383834746e-02
-9.222911978895613483e-02
-2.503361822843095386e-01
-1.317558854127944823e-01
-1.778704453072725566e-01
-4.611455989447806741e-02
8.564132551831642182e-02
-1.646948567659931029e-01
-5.270235416511779430e-02
-1.515192682247136491e-01
-6.587794270639724115e-02
-2.964507421787875852e-01
5.270235416511779430e-02
-7.246573697703696804e-02
-1.251680911421547693e-01
-1.383436796834342231e-01
-1.383436796834342231e-01
-3.030385364494272982e-01
-1.515192682247136491e-01
-2.371605937430300848e-01
-1.317558854127944823e-01
-1.844582395779122697e-01
-1.317558854127944823e-01
-6.587794270639724115e-02
-2.108094166604711772e-01
-2.964507421787875852e-01
-5.270235416511779430e-02
-4.611455989447806741e-02
-2.569239765549492516e-01
-1.185802968715150424e-01
-6.587794270639724115e-02
-1.844582395779122697e-01
-9.222911978895613483e-02
-1.449314739540739361e-01
-1.054047083302355886e-01
-7.905353124767669493e-02
-4.611455989447806741e-02
-1.910460338485520104e-01
-1.844582395779122697e-01
-3.162141249907067797e-01
-2.173972109311108902e-01
-3.755042734264643078e-01
-1.910460338485520104e-01
-3.952676562383834746e-02
-1.383436796834342231e-01
-2.239850052017506310e-01
-1.251680911421547693e-01
-1.054047083302355886e-01
7.905353124767669493e-02
-1.054047083302355886e-01
-9.881691405959586172e-02
-2.108094166604711772e-01
-1.515192682247136491e-01
-1.185802968715150424e-01
-1.317558854127944823e-01
-1.581070624953533899e-01
-5.929014843575752119e-02
-5.929014843575752119e-02
6.587794270639724288e-03
-3.952676562383834746e-02
6.587794270639724288e-03
